11/30/2022 00:00:02,Chamber 1,28-031662211eff,22.125,T257,40C,off
11/30/2022 00:00:22,Chamber 1,28-031662211eff,22.125,T257,40C,off
11/30/2022 00:00:42,Chamber 1,28-031662211eff,22.125,T257,40C,off
11/30/2022 00:01:02,Chamber 1,28-031662211eff,22.125,T257,40C,off
11/30/2022 00:01:22,Chamber 1,28-031662211eff,22.125,T257,40C,off
11/30/2022 00:01:42,Chamber 1,28-031662211eff,22.125,T257,40C,off
11/30/2022 00:02:02,Chamber 1,28-031662211eff,22.125,T257,40C,off
11/30/2022 00:02:22,Chamber 1,28-031662211eff,22.125,T257,40C,off
11/30/2022 00:02:42,Chamber 1,28-031662211eff,22.125,T257,40C,off
11/30/2022 00:03:02,Chamber 1,28-031662211eff,22.125,T257,40C,off
11/30/2022 00:03:22,Chamber 1,28-031662211eff,22.125,T257,40C,off
11/30/2022 00:03:42,Chamber 1,28-031662211eff,22.125,T257,40C,off
11/30/2022 00:04:02,Chamber 1,28-031662211eff,22.125,T257,40C,off
11/30/2022 00:04:22,Chamber 1,28-031662211eff,22.125,T257,40C,off
11/30/2022 00:04:42,Chamber 1,28-031662211eff,22.125,T257,40C,off
11/30/2022 00:05:02,Chamber 1,28-031662211eff,22.125,T257,40C,off
11/30/2022 00:05:22,Chamber 1,28-031662211eff,22.125,T257,40C,off
11/30/2022 00:05:42,Chamber 1,28-031662211eff,22.125,T257,40C,off
11/30/2022 00:06:02,Chamber 1,28-031662211eff,22.125,T257,40C,off
11/30/2022 00:06:22,Chamber 1,28-031662211eff,22.125,T257,40C,off
11/30/2022 00:06:42,Chamber 1,28-031662211eff,22.125,T257,40C,off
11/30/2022 00:07:02,Chamber 1,28-031662211eff,22.125,T257,40C,off
11/30/2022 00:07:22,Chamber 1,28-031662211eff,22.125,T257,40C,off
11/30/2022 00:07:42,Chamber 1,28-031662211eff,22.125,T257,40C,off
11/30/2022 00:08:02,Chamber 1,28-031662211eff,22.125,T257,40C,off
11/30/2022 00:08:22,Chamber 1,28-031662211eff,22.125,T257,40C,off
11/30/2022 00:08:42,Chamber 1,28-031662211eff,22.125,T257,40C,off
11/30/2022 00:09:02,Chamber 1,28-031662211eff,22.125,T257,40C,off
11/30/2022 00:09:22,Chamber 1,28-031662211eff,22.125,T257,40C,off
11/30/2022 00:09:42,Chamber 1,28-031662211eff,22.125,T257,40C,off
11/30/2022 00:10:02,Chamber 1,28-031662211eff,22.125,T257,40C,off
11/30/2022 00:10:22,Chamber 1,28-031662211eff,22.125,T257,40C,off
11/30/2022 00:10:42,Chamber 1,28-031662211eff,22.125,T257,40C,off
11/30/2022 00:11:02,Chamber 1,28-031662211eff,22.125,T257,40C,off
11/30/2022 00:11:22,Chamber 1,28-031662211eff,22.125,T257,40C,off
11/30/2022 00:11:42,Chamber 1,28-031662211eff,22.125,T257,40C,off
11/30/2022 00:12:02,Chamber 1,28-031662211eff,22.125,T257,40C,off
11/30/2022 00:12:22,Chamber 1,28-031662211eff,22.125,T257,40C,off
11/30/2022 00:12:42,Chamber 1,28-031662211eff,22.125,T257,40C,off
11/30/2022 00:13:02,Chamber 1,28-031662211eff,22.125,T257,40C,off
11/30/2022 00:13:22,Chamber 1,28-031662211eff,22.125,T257,40C,off
11/30/2022 00:13:42,Chamber 1,28-031662211eff,22.125,T257,40C,off
11/30/2022 00:14:02,Chamber 1,28-031662211eff,22.125,T257,40C,off
11/30/2022 00:14:22,Chamber 1,28-031662211eff,22.125,T257,40C,off
11/30/2022 00:14:42,Chamber 1,28-031662211eff,22.125,T257,40C,off
11/30/2022 00:15:02,Chamber 1,28-031662211eff,22.125,T257,40C,off
11/30/2022 00:15:22,Chamber 1,28-031662211eff,22.125,T257,40C,off
11/30/2022 00:15:42,Chamber 1,28-031662211eff,22.125,T257,40C,off
11/30/2022 00:16:02,Chamber 1,28-031662211eff,22.125,T257,40C,off
11/30/2022 00:16:22,Chamber 1,28-031662211eff,22.125,T257,40C,off
11/30/2022 00:16:42,Chamber 1,28-031662211eff,22.125,T257,40C,off
11/30/2022 00:17:02,Chamber 1,28-031662211eff,22.125,T257,40C,off
11/30/2022 00:17:22,Chamber 1,28-031662211eff,22.125,T257,40C,off
11/30/2022 00:17:42,Chamber 1,28-031662211eff,22.125,T257,40C,off
11/30/2022 00:18:02,Chamber 1,28-031662211eff,22.125,T257,40C,off
11/30/2022 00:18:22,Chamber 1,28-031662211eff,22.125,T257,40C,off
11/30/2022 00:18:42,Chamber 1,28-031662211eff,22.125,T257,40C,off
11/30/2022 00:19:02,Chamber 1,28-031662211eff,22.125,T257,40C,off
11/30/2022 00:19:22,Chamber 1,28-031662211eff,22.125,T257,40C,off
11/30/2022 00:19:42,Chamber 1,28-031662211eff,22.125,T257,40C,off
11/30/2022 00:20:02,Chamber 1,28-031662211eff,22.125,T257,40C,off
11/30/2022 00:20:22,Chamber 1,28-031662211eff,22.125,T257,40C,off
11/30/2022 00:20:42,Chamber 1,28-031662211eff,22.125,T257,40C,off
11/30/2022 00:21:02,Chamber 1,28-031662211eff,22.125,T257,40C,off
11/30/2022 00:21:22,Chamber 1,28-031662211eff,22.125,T257,40C,off
11/30/2022 00:21:42,Chamber 1,28-031662211eff,22.125,T257,40C,off
11/30/2022 00:22:03,Chamber 1,28-031662211eff,22.125,T257,40C,off
11/30/2022 00:22:22,Chamber 1,28-031662211eff,22.125,T257,40C,off
11/30/2022 00:22:42,Chamber 1,28-031662211eff,22.125,T257,40C,off
11/30/2022 00:23:02,Chamber 1,28-031662211eff,22.125,T257,40C,off
11/30/2022 00:23:22,Chamber 1,28-031662211eff,22.125,T257,40C,off
11/30/2022 00:23:42,Chamber 1,28-031662211eff,22.125,T257,40C,off
11/30/2022 00:24:02,Chamber 1,28-031662211eff,22.125,T257,40C,off
11/30/2022 00:24:22,Chamber 1,28-031662211eff,22.125,T257,40C,off
11/30/2022 00:24:42,Chamber 1,28-031662211eff,22.125,T257,40C,off
11/30/2022 00:25:02,Chamber 1,28-031662211eff,22.125,T257,40C,off
11/30/2022 00:25:22,Chamber 1,28-031662211eff,22.125,T257,40C,off
11/30/2022 00:25:42,Chamber 1,28-031662211eff,22.125,T257,40C,off
11/30/2022 00:26:02,Chamber 1,28-031662211eff,22.125,T257,40C,off
11/30/2022 00:26:22,Chamber 1,28-031662211eff,22.125,T257,40C,off
11/30/2022 00:26:42,Chamber 1,28-031662211eff,22.125,T257,40C,off
11/30/2022 00:27:02,Chamber 1,28-031662211eff,22.125,T257,40C,off
11/30/2022 00:27:22,Chamber 1,28-031662211eff,22.125,T257,40C,off
11/30/2022 00:27:42,Chamber 1,28-031662211eff,22.125,T257,40C,off
11/30/2022 00:28:02,Chamber 1,28-031662211eff,22.125,T257,40C,off
11/30/2022 00:28:22,Chamber 1,28-031662211eff,22.125,T257,40C,off
11/30/2022 00:28:42,Chamber 1,28-031662211eff,22.125,T257,40C,off
11/30/2022 00:29:02,Chamber 1,28-031662211eff,22.125,T257,40C,off
11/30/2022 00:29:22,Chamber 1,28-031662211eff,22.125,T257,40C,off
11/30/2022 00:29:42,Chamber 1,28-031662211eff,22.125,T257,40C,off
11/30/2022 00:30:02,Chamber 1,28-031662211eff,22.125,T257,40C,off
11/30/2022 00:30:22,Chamber 1,28-031662211eff,22.125,T257,40C,off
11/30/2022 00:30:42,Chamber 1,28-031662211eff,22.125,T257,40C,off
11/30/2022 00:31:02,Chamber 1,28-031662211eff,22.125,T257,40C,off
11/30/2022 00:31:22,Chamber 1,28-031662211eff,22.125,T257,40C,off
11/30/2022 00:31:42,Chamber 1,28-031662211eff,22.125,T257,40C,off
11/30/2022 00:32:02,Chamber 1,28-031662211eff,22.125,T257,40C,off
11/30/2022 00:32:22,Chamber 1,28-031662211eff,22.125,T257,40C,off
11/30/2022 00:32:42,Chamber 1,28-031662211eff,22.125,T257,40C,off
11/30/2022 00:33:02,Chamber 1,28-031662211eff,22.125,T257,40C,off
11/30/2022 00:33:22,Chamber 1,28-031662211eff,22.125,T257,40C,off
11/30/2022 00:33:42,Chamber 1,28-031662211eff,22.125,T257,40C,off
11/30/2022 00:34:02,Chamber 1,28-031662211eff,22.125,T257,40C,off
11/30/2022 00:34:22,Chamber 1,28-031662211eff,22.125,T257,40C,off
11/30/2022 00:34:42,Chamber 1,28-031662211eff,22.125,T257,40C,off
11/30/2022 00:35:02,Chamber 1,28-031662211eff,22.125,T257,40C,off
11/30/2022 00:35:22,Chamber 1,28-031662211eff,22.125,T257,40C,off
11/30/2022 00:35:42,Chamber 1,28-031662211eff,22.125,T257,40C,off
11/30/2022 00:36:02,Chamber 1,28-031662211eff,22.125,T257,40C,off
11/30/2022 00:36:22,Chamber 1,28-031662211eff,22.125,T257,40C,off
11/30/2022 00:36:42,Chamber 1,28-031662211eff,22.125,T257,40C,off
11/30/2022 00:37:02,Chamber 1,28-031662211eff,22.125,T257,40C,off
11/30/2022 00:37:22,Chamber 1,28-031662211eff,22.125,T257,40C,off
11/30/2022 00:37:42,Chamber 1,28-031662211eff,22.125,T257,40C,off
11/30/2022 00:38:02,Chamber 1,28-031662211eff,22.125,T257,40C,off
11/30/2022 00:38:22,Chamber 1,28-031662211eff,22.125,T257,40C,off
11/30/2022 00:38:42,Chamber 1,28-031662211eff,22.125,T257,40C,off
11/30/2022 00:39:02,Chamber 1,28-031662211eff,22.125,T257,40C,off
11/30/2022 00:39:22,Chamber 1,28-031662211eff,22.125,T257,40C,off
11/30/2022 00:39:42,Chamber 1,28-031662211eff,22.125,T257,40C,off
11/30/2022 00:40:02,Chamber 1,28-031662211eff,22.125,T257,40C,off
11/30/2022 00:40:22,Chamber 1,28-031662211eff,22.125,T257,40C,off
11/30/2022 00:40:42,Chamber 1,28-031662211eff,22.125,T257,40C,off
11/30/2022 00:41:02,Chamber 1,28-031662211eff,22.125,T257,40C,off
11/30/2022 00:41:22,Chamber 1,28-031662211eff,22.125,T257,40C,off
11/30/2022 00:41:42,Chamber 1,28-031662211eff,22.125,T257,40C,off
11/30/2022 00:42:02,Chamber 1,28-031662211eff,22.125,T257,40C,off
11/30/2022 00:42:22,Chamber 1,28-031662211eff,22.125,T257,40C,off
11/30/2022 00:42:42,Chamber 1,28-031662211eff,22.125,T257,40C,off
11/30/2022 00:43:02,Chamber 1,28-031662211eff,22.125,T257,40C,off
11/30/2022 00:43:22,Chamber 1,28-031662211eff,22.125,T257,40C,off
11/30/2022 00:43:42,Chamber 1,28-031662211eff,22.125,T257,40C,off
11/30/2022 00:44:02,Chamber 1,28-031662211eff,22.125,T257,40C,off
11/30/2022 00:44:22,Chamber 1,28-031662211eff,22.125,T257,40C,off
11/30/2022 00:44:42,Chamber 1,28-031662211eff,22.125,T257,40C,off
11/30/2022 00:45:02,Chamber 1,28-031662211eff,22.125,T257,40C,off
11/30/2022 00:45:22,Chamber 1,28-031662211eff,22.125,T257,40C,off
11/30/2022 00:45:42,Chamber 1,28-031662211eff,22.125,T257,40C,off
11/30/2022 00:46:02,Chamber 1,28-031662211eff,22.125,T257,40C,off
11/30/2022 00:46:22,Chamber 1,28-031662211eff,22.125,T257,40C,off
11/30/2022 00:46:43,Chamber 1,28-031662211eff,22.125,T257,40C,off
11/30/2022 00:47:02,Chamber 1,28-031662211eff,22.125,T257,40C,off
11/30/2022 00:47:22,Chamber 1,28-031662211eff,22.125,T257,40C,off
11/30/2022 00:47:42,Chamber 1,28-031662211eff,22.125,T257,40C,off
11/30/2022 00:48:02,Chamber 1,28-031662211eff,22.125,T257,40C,off
11/30/2022 00:48:22,Chamber 1,28-031662211eff,22.125,T257,40C,off
11/30/2022 00:48:42,Chamber 1,28-031662211eff,22.125,T257,40C,off
11/30/2022 00:49:02,Chamber 1,28-031662211eff,22.125,T257,40C,off
11/30/2022 00:49:22,Chamber 1,28-031662211eff,22.125,T257,40C,off
11/30/2022 00:49:42,Chamber 1,28-031662211eff,22.125,T257,40C,off
11/30/2022 00:50:02,Chamber 1,28-031662211eff,22.125,T257,40C,off
11/30/2022 00:50:22,Chamber 1,28-031662211eff,22.125,T257,40C,off
11/30/2022 00:50:42,Chamber 1,28-031662211eff,22.125,T257,40C,off
11/30/2022 00:51:02,Chamber 1,28-031662211eff,22.125,T257,40C,off
11/30/2022 00:51:22,Chamber 1,28-031662211eff,22.125,T257,40C,off
11/30/2022 00:51:42,Chamber 1,28-031662211eff,22.125,T257,40C,off
11/30/2022 00:52:02,Chamber 1,28-031662211eff,22.125,T257,40C,off
11/30/2022 00:52:22,Chamber 1,28-031662211eff,22.125,T257,40C,off
11/30/2022 00:52:42,Chamber 1,28-031662211eff,22.125,T257,40C,off
11/30/2022 00:53:02,Chamber 1,28-031662211eff,22.125,T257,40C,off
11/30/2022 00:53:22,Chamber 1,28-031662211eff,22.125,T257,40C,off
11/30/2022 00:53:42,Chamber 1,28-031662211eff,22.125,T257,40C,off
11/30/2022 00:54:02,Chamber 1,28-031662211eff,22.125,T257,40C,off
11/30/2022 00:54:22,Chamber 1,28-031662211eff,22.125,T257,40C,off
11/30/2022 00:54:42,Chamber 1,28-031662211eff,22.125,T257,40C,off
11/30/2022 00:55:02,Chamber 1,28-031662211eff,22.125,T257,40C,off
11/30/2022 00:55:22,Chamber 1,28-031662211eff,22.125,T257,40C,off
11/30/2022 00:55:42,Chamber 1,28-031662211eff,22.125,T257,40C,off
11/30/2022 00:56:02,Chamber 1,28-031662211eff,22.125,T257,40C,off
11/30/2022 00:56:22,Chamber 1,28-031662211eff,22.125,T257,40C,off
11/30/2022 00:56:42,Chamber 1,28-031662211eff,22.125,T257,40C,off
11/30/2022 00:57:02,Chamber 1,28-031662211eff,22.125,T257,40C,off
11/30/2022 00:57:22,Chamber 1,28-031662211eff,22.125,T257,40C,off
11/30/2022 00:57:42,Chamber 1,28-031662211eff,22.125,T257,40C,off
11/30/2022 00:58:02,Chamber 1,28-031662211eff,22.125,T257,40C,off
11/30/2022 00:58:23,Chamber 1,28-031662211eff,22.125,T257,40C,off
11/30/2022 00:58:42,Chamber 1,28-031662211eff,22.125,T257,40C,off
11/30/2022 00:59:02,Chamber 1,28-031662211eff,22.125,T257,40C,off
11/30/2022 00:59:22,Chamber 1,28-031662211eff,22.125,T257,40C,off
11/30/2022 00:59:42,Chamber 1,28-031662211eff,22.125,T257,40C,off
11/30/2022 01:00:02,Chamber 1,28-031662211eff,22.125,T257,40C,off
11/30/2022 01:00:23,Chamber 1,28-031662211eff,22.125,T257,40C,off
11/30/2022 01:00:42,Chamber 1,28-031662211eff,22.125,T257,40C,off
11/30/2022 01:01:02,Chamber 1,28-031662211eff,22.125,T257,40C,off
11/30/2022 01:01:22,Chamber 1,28-031662211eff,22.125,T257,40C,off
11/30/2022 01:01:42,Chamber 1,28-031662211eff,22.125,T257,40C,off
11/30/2022 01:02:03,Chamber 1,28-031662211eff,22.125,T257,40C,off
11/30/2022 01:02:22,Chamber 1,28-031662211eff,22.125,T257,40C,off
11/30/2022 01:02:42,Chamber 1,28-031662211eff,22.125,T257,40C,off
11/30/2022 01:03:02,Chamber 1,28-031662211eff,22.125,T257,40C,off
11/30/2022 01:03:22,Chamber 1,28-031662211eff,22.125,T257,40C,off
11/30/2022 01:03:42,Chamber 1,28-031662211eff,22.125,T257,40C,off
11/30/2022 01:04:02,Chamber 1,28-031662211eff,22.125,T257,40C,off
11/30/2022 01:04:22,Chamber 1,28-031662211eff,22.125,T257,40C,off
11/30/2022 01:04:42,Chamber 1,28-031662211eff,22.125,T257,40C,off
11/30/2022 01:05:02,Chamber 1,28-031662211eff,22.125,T257,40C,off
11/30/2022 01:05:22,Chamber 1,28-031662211eff,22.125,T257,40C,off
11/30/2022 01:05:42,Chamber 1,28-031662211eff,22.125,T257,40C,off
11/30/2022 01:06:02,Chamber 1,28-031662211eff,22.125,T257,40C,off
11/30/2022 01:06:22,Chamber 1,28-031662211eff,22.125,T257,40C,off
11/30/2022 01:06:42,Chamber 1,28-031662211eff,22.125,T257,40C,off
11/30/2022 01:07:02,Chamber 1,28-031662211eff,22.125,T257,40C,off
11/30/2022 01:07:22,Chamber 1,28-031662211eff,22.125,T257,40C,off
11/30/2022 01:07:42,Chamber 1,28-031662211eff,22.125,T257,40C,off
11/30/2022 01:08:02,Chamber 1,28-031662211eff,22.125,T257,40C,off
11/30/2022 01:08:22,Chamber 1,28-031662211eff,22.125,T257,40C,off
11/30/2022 01:08:42,Chamber 1,28-031662211eff,22.125,T257,40C,off
11/30/2022 01:09:02,Chamber 1,28-031662211eff,22.125,T257,40C,off
11/30/2022 01:09:22,Chamber 1,28-031662211eff,22.125,T257,40C,off
11/30/2022 01:09:42,Chamber 1,28-031662211eff,22.125,T257,40C,off
11/30/2022 01:10:02,Chamber 1,28-031662211eff,22.125,T257,40C,off
11/30/2022 01:10:22,Chamber 1,28-031662211eff,22.125,T257,40C,off
11/30/2022 01:10:42,Chamber 1,28-031662211eff,22.125,T257,40C,off
11/30/2022 01:11:02,Chamber 1,28-031662211eff,22.125,T257,40C,off
11/30/2022 01:11:22,Chamber 1,28-031662211eff,22.125,T257,40C,off
11/30/2022 01:11:42,Chamber 1,28-031662211eff,22.125,T257,40C,off
11/30/2022 01:12:02,Chamber 1,28-031662211eff,22.125,T257,40C,off
11/30/2022 01:12:22,Chamber 1,28-031662211eff,22.125,T257,40C,off
11/30/2022 01:12:42,Chamber 1,28-031662211eff,22.125,T257,40C,off
11/30/2022 01:13:02,Chamber 1,28-031662211eff,22.125,T257,40C,off
11/30/2022 01:13:22,Chamber 1,28-031662211eff,22.125,T257,40C,off
11/30/2022 01:13:42,Chamber 1,28-031662211eff,22.125,T257,40C,off
11/30/2022 01:14:02,Chamber 1,28-031662211eff,22.125,T257,40C,off
11/30/2022 01:14:22,Chamber 1,28-031662211eff,22.125,T257,40C,off
11/30/2022 01:14:42,Chamber 1,28-031662211eff,22.125,T257,40C,off
11/30/2022 01:15:02,Chamber 1,28-031662211eff,22.125,T257,40C,off
11/30/2022 01:15:22,Chamber 1,28-031662211eff,22.125,T257,40C,off
11/30/2022 01:15:42,Chamber 1,28-031662211eff,22.125,T257,40C,off
11/30/2022 01:16:02,Chamber 1,28-031662211eff,22.125,T257,40C,off
11/30/2022 01:16:22,Chamber 1,28-031662211eff,22.125,T257,40C,off
11/30/2022 01:16:42,Chamber 1,28-031662211eff,22.125,T257,40C,off
11/30/2022 01:17:02,Chamber 1,28-031662211eff,22.125,T257,40C,off
11/30/2022 01:17:22,Chamber 1,28-031662211eff,22.125,T257,40C,off
11/30/2022 01:17:42,Chamber 1,28-031662211eff,22.125,T257,40C,off
11/30/2022 01:18:02,Chamber 1,28-031662211eff,22.125,T257,40C,off
11/30/2022 01:18:22,Chamber 1,28-031662211eff,22.125,T257,40C,off
11/30/2022 01:18:42,Chamber 1,28-031662211eff,22.125,T257,40C,off
11/30/2022 01:19:02,Chamber 1,28-031662211eff,22.125,T257,40C,off
11/30/2022 01:19:22,Chamber 1,28-031662211eff,22.125,T257,40C,off
11/30/2022 01:19:42,Chamber 1,28-031662211eff,22.125,T257,40C,off
11/30/2022 01:20:02,Chamber 1,28-031662211eff,22.125,T257,40C,off
11/30/2022 01:20:22,Chamber 1,28-031662211eff,22.125,T257,40C,off
11/30/2022 01:20:42,Chamber 1,28-031662211eff,22.125,T257,40C,off
11/30/2022 01:21:02,Chamber 1,28-031662211eff,22.125,T257,40C,off
11/30/2022 01:21:22,Chamber 1,28-031662211eff,22.125,T257,40C,off
11/30/2022 01:21:42,Chamber 1,28-031662211eff,22.125,T257,40C,off
11/30/2022 01:22:02,Chamber 1,28-031662211eff,22.125,T257,40C,off
11/30/2022 01:22:22,Chamber 1,28-031662211eff,22.125,T257,40C,off
11/30/2022 01:22:42,Chamber 1,28-031662211eff,22.125,T257,40C,off
11/30/2022 01:23:02,Chamber 1,28-031662211eff,22.125,T257,40C,off
11/30/2022 01:23:22,Chamber 1,28-031662211eff,22.125,T257,40C,off
11/30/2022 01:23:42,Chamber 1,28-031662211eff,22.125,T257,40C,off
11/30/2022 01:24:02,Chamber 1,28-031662211eff,22.125,T257,40C,off
11/30/2022 01:24:22,Chamber 1,28-031662211eff,22.125,T257,40C,off
11/30/2022 01:24:43,Chamber 1,28-031662211eff,22.125,T257,40C,off
11/30/2022 01:25:02,Chamber 1,28-031662211eff,22.125,T257,40C,off
11/30/2022 01:25:22,Chamber 1,28-031662211eff,22.125,T257,40C,off
11/30/2022 01:25:42,Chamber 1,28-031662211eff,22.125,T257,40C,off
11/30/2022 01:26:02,Chamber 1,28-031662211eff,22.125,T257,40C,off
11/30/2022 01:26:22,Chamber 1,28-031662211eff,22.125,T257,40C,off
11/30/2022 01:26:42,Chamber 1,28-031662211eff,22.125,T257,40C,off
11/30/2022 01:27:02,Chamber 1,28-031662211eff,22.125,T257,40C,off
11/30/2022 01:27:22,Chamber 1,28-031662211eff,22.125,T257,40C,off
11/30/2022 01:27:42,Chamber 1,28-031662211eff,22.125,T257,40C,off
11/30/2022 01:28:02,Chamber 1,28-031662211eff,22.125,T257,40C,off
11/30/2022 01:28:23,Chamber 1,28-031662211eff,22.125,T257,40C,off
11/30/2022 01:28:42,Chamber 1,28-031662211eff,22.125,T257,40C,off
11/30/2022 01:29:02,Chamber 1,28-031662211eff,22.125,T257,40C,off
11/30/2022 01:29:22,Chamber 1,28-031662211eff,22.125,T257,40C,off
11/30/2022 01:29:42,Chamber 1,28-031662211eff,22.125,T257,40C,off
11/30/2022 01:30:02,Chamber 1,28-031662211eff,22.125,T257,40C,off
11/30/2022 01:30:22,Chamber 1,28-031662211eff,22.125,T257,40C,off
11/30/2022 01:30:42,Chamber 1,28-031662211eff,22.125,T257,40C,off
11/30/2022 01:31:02,Chamber 1,28-031662211eff,22.125,T257,40C,off
11/30/2022 01:31:22,Chamber 1,28-031662211eff,22.125,T257,40C,off
11/30/2022 01:31:42,Chamber 1,28-031662211eff,22.125,T257,40C,off
11/30/2022 01:32:02,Chamber 1,28-031662211eff,22.125,T257,40C,off
11/30/2022 01:32:22,Chamber 1,28-031662211eff,22.125,T257,40C,off
11/30/2022 01:32:42,Chamber 1,28-031662211eff,22.125,T257,40C,off
11/30/2022 01:33:02,Chamber 1,28-031662211eff,22.125,T257,40C,off
11/30/2022 01:33:22,Chamber 1,28-031662211eff,22.125,T257,40C,off
11/30/2022 01:33:42,Chamber 1,28-031662211eff,22.125,T257,40C,off
11/30/2022 01:34:02,Chamber 1,28-031662211eff,22.125,T257,40C,off
11/30/2022 01:34:22,Chamber 1,28-031662211eff,22.125,T257,40C,off
11/30/2022 01:34:42,Chamber 1,28-031662211eff,22.062,T257,40C,off
11/30/2022 01:35:02,Chamber 1,28-031662211eff,22.125,T257,40C,off
11/30/2022 01:35:22,Chamber 1,28-031662211eff,22.125,T257,40C,off
11/30/2022 01:35:42,Chamber 1,28-031662211eff,22.125,T257,40C,off
11/30/2022 01:36:02,Chamber 1,28-031662211eff,22.125,T257,40C,off
11/30/2022 01:36:22,Chamber 1,28-031662211eff,22.125,T257,40C,off
11/30/2022 01:36:42,Chamber 1,28-031662211eff,22.125,T257,40C,off
11/30/2022 01:37:02,Chamber 1,28-031662211eff,22.125,T257,40C,off
11/30/2022 01:37:22,Chamber 1,28-031662211eff,22.125,T257,40C,off
11/30/2022 01:37:42,Chamber 1,28-031662211eff,22.125,T257,40C,off
11/30/2022 01:38:02,Chamber 1,28-031662211eff,22.125,T257,40C,off
11/30/2022 01:38:22,Chamber 1,28-031662211eff,22.125,T257,40C,off
11/30/2022 01:38:42,Chamber 1,28-031662211eff,22.125,T257,40C,off
11/30/2022 01:39:02,Chamber 1,28-031662211eff,22.125,T257,40C,off
11/30/2022 01:39:22,Chamber 1,28-031662211eff,22.125,T257,40C,off
11/30/2022 01:39:42,Chamber 1,28-031662211eff,22.125,T257,40C,off
11/30/2022 01:40:02,Chamber 1,28-031662211eff,22.125,T257,40C,off
11/30/2022 01:40:22,Chamber 1,28-031662211eff,22.125,T257,40C,off
11/30/2022 01:40:42,Chamber 1,28-031662211eff,22.125,T257,40C,off
11/30/2022 01:41:02,Chamber 1,28-031662211eff,22.125,T257,40C,off
11/30/2022 01:41:22,Chamber 1,28-031662211eff,22.125,T257,40C,off
11/30/2022 01:41:42,Chamber 1,28-031662211eff,22.125,T257,40C,off
11/30/2022 01:42:02,Chamber 1,28-031662211eff,22.125,T257,40C,off
11/30/2022 01:42:22,Chamber 1,28-031662211eff,22.125,T257,40C,off
11/30/2022 01:42:42,Chamber 1,28-031662211eff,22.125,T257,40C,off
11/30/2022 01:43:02,Chamber 1,28-031662211eff,22.125,T257,40C,off
11/30/2022 01:43:22,Chamber 1,28-031662211eff,22.125,T257,40C,off
11/30/2022 01:43:43,Chamber 1,28-031662211eff,22.125,T257,40C,off
11/30/2022 01:44:02,Chamber 1,28-031662211eff,22.125,T257,40C,off
11/30/2022 01:44:23,Chamber 1,28-031662211eff,22.125,T257,40C,off
11/30/2022 01:44:43,Chamber 1,28-031662211eff,22.062,T257,40C,off
11/30/2022 01:45:02,Chamber 1,28-031662211eff,22.062,T257,40C,off
11/30/2022 01:45:22,Chamber 1,28-031662211eff,22.125,T257,40C,off
11/30/2022 01:45:42,Chamber 1,28-031662211eff,22.125,T257,40C,off
11/30/2022 01:46:02,Chamber 1,28-031662211eff,22.062,T257,40C,off
11/30/2022 01:46:22,Chamber 1,28-031662211eff,22.125,T257,40C,off
11/30/2022 01:46:42,Chamber 1,28-031662211eff,22.125,T257,40C,off
11/30/2022 01:47:02,Chamber 1,28-031662211eff,22.125,T257,40C,off
11/30/2022 01:47:22,Chamber 1,28-031662211eff,22.062,T257,40C,off
11/30/2022 01:47:42,Chamber 1,28-031662211eff,22.125,T257,40C,off
11/30/2022 01:48:02,Chamber 1,28-031662211eff,22.125,T257,40C,off
11/30/2022 01:48:23,Chamber 1,28-031662211eff,22.125,T257,40C,off
11/30/2022 01:48:42,Chamber 1,28-031662211eff,22.125,T257,40C,off
11/30/2022 01:49:02,Chamber 1,28-031662211eff,22.062,T257,40C,off
11/30/2022 01:49:22,Chamber 1,28-031662211eff,22.062,T257,40C,off
11/30/2022 01:49:42,Chamber 1,28-031662211eff,22.062,T257,40C,off
11/30/2022 01:50:02,Chamber 1,28-031662211eff,22.062,T257,40C,off
11/30/2022 01:50:22,Chamber 1,28-031662211eff,22.125,T257,40C,off
11/30/2022 01:50:42,Chamber 1,28-031662211eff,22.062,T257,40C,off
11/30/2022 01:51:02,Chamber 1,28-031662211eff,22.125,T257,40C,off
11/30/2022 01:51:22,Chamber 1,28-031662211eff,22.125,T257,40C,off
11/30/2022 01:51:42,Chamber 1,28-031662211eff,22.125,T257,40C,off
11/30/2022 01:52:03,Chamber 1,28-031662211eff,22.062,T257,40C,off
11/30/2022 01:52:22,Chamber 1,28-031662211eff,22.062,T257,40C,off
11/30/2022 01:52:42,Chamber 1,28-031662211eff,22.125,T257,40C,off
11/30/2022 01:53:02,Chamber 1,28-031662211eff,22.125,T257,40C,off
11/30/2022 01:53:22,Chamber 1,28-031662211eff,22.062,T257,40C,off
11/30/2022 01:53:42,Chamber 1,28-031662211eff,22.125,T257,40C,off
11/30/2022 01:54:02,Chamber 1,28-031662211eff,22.062,T257,40C,off
11/30/2022 01:54:22,Chamber 1,28-031662211eff,22.062,T257,40C,off
11/30/2022 01:54:42,Chamber 1,28-031662211eff,22.125,T257,40C,off
11/30/2022 01:55:02,Chamber 1,28-031662211eff,22.125,T257,40C,off
11/30/2022 01:55:22,Chamber 1,28-031662211eff,22.062,T257,40C,off
11/30/2022 01:55:42,Chamber 1,28-031662211eff,22.125,T257,40C,off
11/30/2022 01:56:02,Chamber 1,28-031662211eff,22.125,T257,40C,off
11/30/2022 01:56:22,Chamber 1,28-031662211eff,22.062,T257,40C,off
11/30/2022 01:56:42,Chamber 1,28-031662211eff,22.062,T257,40C,off
11/30/2022 01:57:02,Chamber 1,28-031662211eff,22.125,T257,40C,off
11/30/2022 01:57:22,Chamber 1,28-031662211eff,22.125,T257,40C,off
11/30/2022 01:57:42,Chamber 1,28-031662211eff,22.062,T257,40C,off
11/30/2022 01:58:02,Chamber 1,28-031662211eff,22.062,T257,40C,off
11/30/2022 01:58:22,Chamber 1,28-031662211eff,22.125,T257,40C,off
11/30/2022 01:58:42,Chamber 1,28-031662211eff,22.062,T257,40C,off
11/30/2022 01:59:02,Chamber 1,28-031662211eff,22.062,T257,40C,off
11/30/2022 01:59:22,Chamber 1,28-031662211eff,22.125,T257,40C,off
11/30/2022 01:59:42,Chamber 1,28-031662211eff,22.062,T257,40C,off
11/30/2022 02:00:02,Chamber 1,28-031662211eff,22.125,T257,40C,off
11/30/2022 02:00:22,Chamber 1,28-031662211eff,22.062,T257,40C,off
11/30/2022 02:00:42,Chamber 1,28-031662211eff,22.125,T257,40C,off
11/30/2022 02:01:02,Chamber 1,28-031662211eff,22.125,T257,40C,off
11/30/2022 02:01:22,Chamber 1,28-031662211eff,22.062,T257,40C,off
11/30/2022 02:01:42,Chamber 1,28-031662211eff,22.125,T257,40C,off
11/30/2022 02:02:02,Chamber 1,28-031662211eff,22.062,T257,40C,off
11/30/2022 02:02:22,Chamber 1,28-031662211eff,22.062,T257,40C,off
11/30/2022 02:02:42,Chamber 1,28-031662211eff,22.062,T257,40C,off
11/30/2022 02:03:02,Chamber 1,28-031662211eff,22.062,T257,40C,off
11/30/2022 02:03:22,Chamber 1,28-031662211eff,22.125,T257,40C,off
11/30/2022 02:03:42,Chamber 1,28-031662211eff,22.125,T257,40C,off
11/30/2022 02:04:02,Chamber 1,28-031662211eff,22.125,T257,40C,off
11/30/2022 02:04:22,Chamber 1,28-031662211eff,22.062,T257,40C,off
11/30/2022 02:04:42,Chamber 1,28-031662211eff,22.125,T257,40C,off
11/30/2022 02:05:02,Chamber 1,28-031662211eff,22.125,T257,40C,off
11/30/2022 02:05:22,Chamber 1,28-031662211eff,22.062,T257,40C,off
11/30/2022 02:05:42,Chamber 1,28-031662211eff,22.125,T257,40C,off
11/30/2022 02:06:02,Chamber 1,28-031662211eff,22.062,T257,40C,off
11/30/2022 02:06:22,Chamber 1,28-031662211eff,22.125,T257,40C,off
11/30/2022 02:06:42,Chamber 1,28-031662211eff,22.125,T257,40C,off
11/30/2022 02:07:02,Chamber 1,28-031662211eff,22.125,T257,40C,off
11/30/2022 02:07:22,Chamber 1,28-031662211eff,22.062,T257,40C,off
11/30/2022 02:07:42,Chamber 1,28-031662211eff,22.062,T257,40C,off
11/30/2022 02:08:02,Chamber 1,28-031662211eff,22.125,T257,40C,off
11/30/2022 02:08:22,Chamber 1,28-031662211eff,22.062,T257,40C,off
11/30/2022 02:08:42,Chamber 1,28-031662211eff,22.125,T257,40C,off
11/30/2022 02:09:02,Chamber 1,28-031662211eff,22.125,T257,40C,off
11/30/2022 02:09:22,Chamber 1,28-031662211eff,22.125,T257,40C,off
11/30/2022 02:09:42,Chamber 1,28-031662211eff,22.125,T257,40C,off
11/30/2022 02:10:02,Chamber 1,28-031662211eff,22.125,T257,40C,off
11/30/2022 02:10:22,Chamber 1,28-031662211eff,22.125,T257,40C,off
11/30/2022 02:10:42,Chamber 1,28-031662211eff,22.125,T257,40C,off
11/30/2022 02:11:02,Chamber 1,28-031662211eff,22.062,T257,40C,off
11/30/2022 02:11:22,Chamber 1,28-031662211eff,22.062,T257,40C,off
11/30/2022 02:11:42,Chamber 1,28-031662211eff,22.125,T257,40C,off
11/30/2022 02:12:02,Chamber 1,28-031662211eff,22.062,T257,40C,off
11/30/2022 02:12:22,Chamber 1,28-031662211eff,22.125,T257,40C,off
11/30/2022 02:12:42,Chamber 1,28-031662211eff,22.062,T257,40C,off
11/30/2022 02:13:02,Chamber 1,28-031662211eff,22.062,T257,40C,off
11/30/2022 02:13:22,Chamber 1,28-031662211eff,22.125,T257,40C,off
11/30/2022 02:13:42,Chamber 1,28-031662211eff,22.125,T257,40C,off
11/30/2022 02:14:02,Chamber 1,28-031662211eff,22.062,T257,40C,off
11/30/2022 02:14:22,Chamber 1,28-031662211eff,22.062,T257,40C,off
11/30/2022 02:14:42,Chamber 1,28-031662211eff,22.062,T257,40C,off
11/30/2022 02:15:02,Chamber 1,28-031662211eff,22.062,T257,40C,off
11/30/2022 02:15:22,Chamber 1,28-031662211eff,22.062,T257,40C,off
11/30/2022 02:15:42,Chamber 1,28-031662211eff,22.125,T257,40C,off
11/30/2022 02:16:02,Chamber 1,28-031662211eff,22.062,T257,40C,off
11/30/2022 02:16:22,Chamber 1,28-031662211eff,22.125,T257,40C,off
11/30/2022 02:16:42,Chamber 1,28-031662211eff,22.125,T257,40C,off
11/30/2022 02:17:02,Chamber 1,28-031662211eff,22.062,T257,40C,off
11/30/2022 02:17:22,Chamber 1,28-031662211eff,22.062,T257,40C,off
11/30/2022 02:17:42,Chamber 1,28-031662211eff,22.062,T257,40C,off
11/30/2022 02:18:02,Chamber 1,28-031662211eff,22.062,T257,40C,off
11/30/2022 02:18:22,Chamber 1,28-031662211eff,22.062,T257,40C,off
11/30/2022 02:18:42,Chamber 1,28-031662211eff,22.062,T257,40C,off
11/30/2022 02:19:02,Chamber 1,28-031662211eff,22.062,T257,40C,off
11/30/2022 02:19:22,Chamber 1,28-031662211eff,22.062,T257,40C,off
11/30/2022 02:19:42,Chamber 1,28-031662211eff,22.062,T257,40C,off
11/30/2022 02:20:02,Chamber 1,28-031662211eff,22.062,T257,40C,off
11/30/2022 02:20:22,Chamber 1,28-031662211eff,22.125,T257,40C,off
11/30/2022 02:20:42,Chamber 1,28-031662211eff,22.062,T257,40C,off
11/30/2022 02:21:02,Chamber 1,28-031662211eff,22.062,T257,40C,off
11/30/2022 02:21:22,Chamber 1,28-031662211eff,22.062,T257,40C,off
11/30/2022 02:21:42,Chamber 1,28-031662211eff,22.062,T257,40C,off
11/30/2022 02:22:02,Chamber 1,28-031662211eff,22.062,T257,40C,off
11/30/2022 02:22:22,Chamber 1,28-031662211eff,22.062,T257,40C,off
11/30/2022 02:22:42,Chamber 1,28-031662211eff,22.062,T257,40C,off
11/30/2022 02:23:02,Chamber 1,28-031662211eff,22.062,T257,40C,off
11/30/2022 02:23:22,Chamber 1,28-031662211eff,22.062,T257,40C,off
11/30/2022 02:23:42,Chamber 1,28-031662211eff,22.062,T257,40C,off
11/30/2022 02:24:02,Chamber 1,28-031662211eff,22.062,T257,40C,off
11/30/2022 02:24:22,Chamber 1,28-031662211eff,22.062,T257,40C,off
11/30/2022 02:24:42,Chamber 1,28-031662211eff,22.062,T257,40C,off
11/30/2022 02:25:03,Chamber 1,28-031662211eff,22.125,T257,40C,off
11/30/2022 02:25:22,Chamber 1,28-031662211eff,22.062,T257,40C,off
11/30/2022 02:25:42,Chamber 1,28-031662211eff,22.062,T257,40C,off
11/30/2022 02:26:02,Chamber 1,28-031662211eff,22.062,T257,40C,off
11/30/2022 02:26:22,Chamber 1,28-031662211eff,22.062,T257,40C,off
11/30/2022 02:26:42,Chamber 1,28-031662211eff,22.062,T257,40C,off
11/30/2022 02:27:03,Chamber 1,28-031662211eff,22.062,T257,40C,off
11/30/2022 02:27:22,Chamber 1,28-031662211eff,22.062,T257,40C,off
11/30/2022 02:27:43,Chamber 1,28-031662211eff,22.062,T257,40C,off
11/30/2022 02:28:02,Chamber 1,28-031662211eff,22.062,T257,40C,off
11/30/2022 02:28:22,Chamber 1,28-031662211eff,22.062,T257,40C,off
11/30/2022 02:28:42,Chamber 1,28-031662211eff,22.062,T257,40C,off
11/30/2022 02:29:02,Chamber 1,28-031662211eff,22.062,T257,40C,off
11/30/2022 02:29:22,Chamber 1,28-031662211eff,22.062,T257,40C,off
11/30/2022 02:29:42,Chamber 1,28-031662211eff,22.062,T257,40C,off
11/30/2022 02:30:02,Chamber 1,28-031662211eff,22.062,T257,40C,off
11/30/2022 02:30:22,Chamber 1,28-031662211eff,22.062,T257,40C,off
11/30/2022 02:30:42,Chamber 1,28-031662211eff,22.062,T257,40C,off
11/30/2022 02:31:02,Chamber 1,28-031662211eff,22.062,T257,40C,off
11/30/2022 02:31:22,Chamber 1,28-031662211eff,22.062,T257,40C,off
11/30/2022 02:31:42,Chamber 1,28-031662211eff,22.062,T257,40C,off
11/30/2022 02:32:02,Chamber 1,28-031662211eff,22.062,T257,40C,off
11/30/2022 02:32:22,Chamber 1,28-031662211eff,22.062,T257,40C,off
11/30/2022 02:32:42,Chamber 1,28-031662211eff,22.062,T257,40C,off
11/30/2022 02:33:02,Chamber 1,28-031662211eff,22.062,T257,40C,off
11/30/2022 02:33:23,Chamber 1,28-031662211eff,22.062,T257,40C,off
11/30/2022 02:33:43,Chamber 1,28-031662211eff,22.062,T257,40C,off
11/30/2022 02:34:02,Chamber 1,28-031662211eff,22.062,T257,40C,off
11/30/2022 02:34:22,Chamber 1,28-031662211eff,22.062,T257,40C,off
11/30/2022 02:34:42,Chamber 1,28-031662211eff,22.062,T257,40C,off
11/30/2022 02:35:02,Chamber 1,28-031662211eff,22.062,T257,40C,off
11/30/2022 02:35:22,Chamber 1,28-031662211eff,22.062,T257,40C,off
11/30/2022 02:35:42,Chamber 1,28-031662211eff,22.062,T257,40C,off
11/30/2022 02:36:02,Chamber 1,28-031662211eff,22.062,T257,40C,off
11/30/2022 02:36:22,Chamber 1,28-031662211eff,22.062,T257,40C,off
11/30/2022 02:36:42,Chamber 1,28-031662211eff,22.062,T257,40C,off
11/30/2022 02:37:02,Chamber 1,28-031662211eff,22.062,T257,40C,off
11/30/2022 02:37:22,Chamber 1,28-031662211eff,22.062,T257,40C,off
11/30/2022 02:37:42,Chamber 1,28-031662211eff,22.062,T257,40C,off
11/30/2022 02:38:02,Chamber 1,28-031662211eff,22.062,T257,40C,off
11/30/2022 02:38:22,Chamber 1,28-031662211eff,22.062,T257,40C,off
11/30/2022 02:38:42,Chamber 1,28-031662211eff,22.062,T257,40C,off
11/30/2022 02:39:02,Chamber 1,28-031662211eff,22.062,T257,40C,off
11/30/2022 02:39:22,Chamber 1,28-031662211eff,22.062,T257,40C,off
11/30/2022 02:39:42,Chamber 1,28-031662211eff,22.062,T257,40C,off
11/30/2022 02:40:02,Chamber 1,28-031662211eff,22.062,T257,40C,off
11/30/2022 02:40:22,Chamber 1,28-031662211eff,22.062,T257,40C,off
11/30/2022 02:40:42,Chamber 1,28-031662211eff,22.062,T257,40C,off
11/30/2022 02:41:03,Chamber 1,28-031662211eff,22.062,T257,40C,off
11/30/2022 02:41:22,Chamber 1,28-031662211eff,22.062,T257,40C,off
11/30/2022 02:41:42,Chamber 1,28-031662211eff,22.062,T257,40C,off
11/30/2022 02:42:02,Chamber 1,28-031662211eff,22.062,T257,40C,off
11/30/2022 02:42:22,Chamber 1,28-031662211eff,22.062,T257,40C,off
11/30/2022 02:42:42,Chamber 1,28-031662211eff,22.062,T257,40C,off
11/30/2022 02:43:02,Chamber 1,28-031662211eff,22.062,T257,40C,off
11/30/2022 02:43:22,Chamber 1,28-031662211eff,22.062,T257,40C,off
11/30/2022 02:43:42,Chamber 1,28-031662211eff,22.062,T257,40C,off
11/30/2022 02:44:02,Chamber 1,28-031662211eff,22.062,T257,40C,off
11/30/2022 02:44:22,Chamber 1,28-031662211eff,22.062,T257,40C,off
11/30/2022 02:44:42,Chamber 1,28-031662211eff,22.062,T257,40C,off
11/30/2022 02:45:02,Chamber 1,28-031662211eff,22.062,T257,40C,off
11/30/2022 02:45:22,Chamber 1,28-031662211eff,22.062,T257,40C,off
11/30/2022 02:45:42,Chamber 1,28-031662211eff,22.062,T257,40C,off
11/30/2022 02:46:02,Chamber 1,28-031662211eff,22.062,T257,40C,off
11/30/2022 02:46:22,Chamber 1,28-031662211eff,22.062,T257,40C,off
11/30/2022 02:46:42,Chamber 1,28-031662211eff,22.062,T257,40C,off
11/30/2022 02:47:02,Chamber 1,28-031662211eff,22.062,T257,40C,off
11/30/2022 02:47:22,Chamber 1,28-031662211eff,22.062,T257,40C,off
11/30/2022 02:47:42,Chamber 1,28-031662211eff,22.062,T257,40C,off
11/30/2022 02:48:02,Chamber 1,28-031662211eff,22.062,T257,40C,off
11/30/2022 02:48:22,Chamber 1,28-031662211eff,22.062,T257,40C,off
11/30/2022 02:48:42,Chamber 1,28-031662211eff,22.062,T257,40C,off
11/30/2022 02:49:02,Chamber 1,28-031662211eff,22.062,T257,40C,off
11/30/2022 02:49:23,Chamber 1,28-031662211eff,22.062,T257,40C,off
11/30/2022 02:49:42,Chamber 1,28-031662211eff,22.062,T257,40C,off
11/30/2022 02:50:02,Chamber 1,28-031662211eff,22.062,T257,40C,off
11/30/2022 02:50:22,Chamber 1,28-031662211eff,22.062,T257,40C,off
11/30/2022 02:50:42,Chamber 1,28-031662211eff,22.062,T257,40C,off
11/30/2022 02:51:02,Chamber 1,28-031662211eff,22.062,T257,40C,off
11/30/2022 02:51:22,Chamber 1,28-031662211eff,22.062,T257,40C,off
11/30/2022 02:51:42,Chamber 1,28-031662211eff,22.062,T257,40C,off
11/30/2022 02:52:02,Chamber 1,28-031662211eff,22.062,T257,40C,off
11/30/2022 02:52:22,Chamber 1,28-031662211eff,22.062,T257,40C,off
11/30/2022 02:52:42,Chamber 1,28-031662211eff,22.062,T257,40C,off
11/30/2022 02:53:02,Chamber 1,28-031662211eff,22.062,T257,40C,off
11/30/2022 02:53:23,Chamber 1,28-031662211eff,22.062,T257,40C,off
11/30/2022 02:53:42,Chamber 1,28-031662211eff,22.062,T257,40C,off
11/30/2022 02:54:02,Chamber 1,28-031662211eff,22.062,T257,40C,off
11/30/2022 02:54:22,Chamber 1,28-031662211eff,22.062,T257,40C,off
11/30/2022 02:54:42,Chamber 1,28-031662211eff,22.062,T257,40C,off
11/30/2022 02:55:02,Chamber 1,28-031662211eff,22.062,T257,40C,off
11/30/2022 02:55:22,Chamber 1,28-031662211eff,22.062,T257,40C,off
11/30/2022 02:55:42,Chamber 1,28-031662211eff,22.062,T257,40C,off
11/30/2022 02:56:02,Chamber 1,28-031662211eff,22.062,T257,40C,off
11/30/2022 02:56:22,Chamber 1,28-031662211eff,22.062,T257,40C,off
11/30/2022 02:56:42,Chamber 1,28-031662211eff,22.062,T257,40C,off
11/30/2022 02:57:02,Chamber 1,28-031662211eff,22.062,T257,40C,off
11/30/2022 02:57:22,Chamber 1,28-031662211eff,22.062,T257,40C,off
11/30/2022 02:57:42,Chamber 1,28-031662211eff,22.062,T257,40C,off
11/30/2022 02:58:02,Chamber 1,28-031662211eff,22.062,T257,40C,off
11/30/2022 02:58:22,Chamber 1,28-031662211eff,22.062,T257,40C,off
11/30/2022 02:58:42,Chamber 1,28-031662211eff,22.062,T257,40C,off
11/30/2022 02:59:02,Chamber 1,28-031662211eff,22.062,T257,40C,off
11/30/2022 02:59:22,Chamber 1,28-031662211eff,22.062,T257,40C,off
11/30/2022 02:59:42,Chamber 1,28-031662211eff,22.062,T257,40C,off
11/30/2022 03:00:02,Chamber 1,28-031662211eff,22.062,T257,40C,off
11/30/2022 03:00:23,Chamber 1,28-031662211eff,22.062,T257,40C,off
11/30/2022 03:00:43,Chamber 1,28-031662211eff,22.062,T257,40C,off
11/30/2022 03:01:03,Chamber 1,28-031662211eff,22.062,T257,40C,off
11/30/2022 03:01:23,Chamber 1,28-031662211eff,22.062,T257,40C,off
11/30/2022 03:01:43,Chamber 1,28-031662211eff,22.062,T257,40C,off
11/30/2022 03:02:03,Chamber 1,28-031662211eff,22.062,T257,40C,off
11/30/2022 03:02:23,Chamber 1,28-031662211eff,22.062,T257,40C,off
11/30/2022 03:02:43,Chamber 1,28-031662211eff,22.062,T257,40C,off
11/30/2022 03:03:03,Chamber 1,28-031662211eff,22.062,T257,40C,off
11/30/2022 03:03:23,Chamber 1,28-031662211eff,22.062,T257,40C,off
11/30/2022 03:03:43,Chamber 1,28-031662211eff,22.062,T257,40C,off
11/30/2022 03:04:03,Chamber 1,28-031662211eff,22.062,T257,40C,off
11/30/2022 03:04:23,Chamber 1,28-031662211eff,22.062,T257,40C,off
11/30/2022 03:04:43,Chamber 1,28-031662211eff,22.062,T257,40C,off
11/30/2022 03:05:03,Chamber 1,28-031662211eff,22.062,T257,40C,off
11/30/2022 03:05:23,Chamber 1,28-031662211eff,22.062,T257,40C,off
11/30/2022 03:05:43,Chamber 1,28-031662211eff,22.062,T257,40C,off
11/30/2022 03:06:03,Chamber 1,28-031662211eff,22.062,T257,40C,off
11/30/2022 03:06:23,Chamber 1,28-031662211eff,22.062,T257,40C,off
11/30/2022 03:06:43,Chamber 1,28-031662211eff,22.062,T257,40C,off
11/30/2022 03:07:03,Chamber 1,28-031662211eff,22.062,T257,40C,off
11/30/2022 03:07:23,Chamber 1,28-031662211eff,22.062,T257,40C,off
11/30/2022 03:07:43,Chamber 1,28-031662211eff,22.062,T257,40C,off
11/30/2022 03:08:03,Chamber 1,28-031662211eff,22.062,T257,40C,off
11/30/2022 03:08:23,Chamber 1,28-031662211eff,22.062,T257,40C,off
11/30/2022 03:08:43,Chamber 1,28-031662211eff,22.062,T257,40C,off
11/30/2022 03:09:03,Chamber 1,28-031662211eff,22.062,T257,40C,off
11/30/2022 03:09:23,Chamber 1,28-031662211eff,22.062,T257,40C,off
11/30/2022 03:09:43,Chamber 1,28-031662211eff,22.062,T257,40C,off
11/30/2022 03:10:03,Chamber 1,28-031662211eff,22.062,T257,40C,off
11/30/2022 03:10:23,Chamber 1,28-031662211eff,22.062,T257,40C,off
11/30/2022 03:10:43,Chamber 1,28-031662211eff,22.062,T257,40C,off
11/30/2022 03:11:03,Chamber 1,28-031662211eff,22.062,T257,40C,off
11/30/2022 03:11:23,Chamber 1,28-031662211eff,22.062,T257,40C,off
11/30/2022 03:11:43,Chamber 1,28-031662211eff,22.062,T257,40C,off
11/30/2022 03:12:03,Chamber 1,28-031662211eff,22.062,T257,40C,off
11/30/2022 03:12:23,Chamber 1,28-031662211eff,22.062,T257,40C,off
11/30/2022 03:12:43,Chamber 1,28-031662211eff,22.062,T257,40C,off
11/30/2022 03:13:03,Chamber 1,28-031662211eff,22.062,T257,40C,off
11/30/2022 03:13:23,Chamber 1,28-031662211eff,22.062,T257,40C,off
11/30/2022 03:13:43,Chamber 1,28-031662211eff,22.062,T257,40C,off
11/30/2022 03:14:03,Chamber 1,28-031662211eff,22.062,T257,40C,off
11/30/2022 03:14:23,Chamber 1,28-031662211eff,22.062,T257,40C,off
11/30/2022 03:14:43,Chamber 1,28-031662211eff,22.062,T257,40C,off
11/30/2022 03:15:03,Chamber 1,28-031662211eff,22.062,T257,40C,off
11/30/2022 03:15:23,Chamber 1,28-031662211eff,22.062,T257,40C,off
11/30/2022 03:15:42,Chamber 1,28-031662211eff,22.062,T257,40C,off
11/30/2022 03:16:03,Chamber 1,28-031662211eff,22.062,T257,40C,off
11/30/2022 03:16:23,Chamber 1,28-031662211eff,22.062,T257,40C,off
11/30/2022 03:16:43,Chamber 1,28-031662211eff,22.062,T257,40C,off
11/30/2022 03:17:03,Chamber 1,28-031662211eff,22.062,T257,40C,off
11/30/2022 03:17:23,Chamber 1,28-031662211eff,22.062,T257,40C,off
11/30/2022 03:17:43,Chamber 1,28-031662211eff,22.062,T257,40C,off
11/30/2022 03:18:03,Chamber 1,28-031662211eff,22.062,T257,40C,off
11/30/2022 03:18:22,Chamber 1,28-031662211eff,22.062,T257,40C,off
11/30/2022 03:18:43,Chamber 1,28-031662211eff,22.062,T257,40C,off
11/30/2022 03:19:03,Chamber 1,28-031662211eff,22.062,T257,40C,off
11/30/2022 03:19:23,Chamber 1,28-031662211eff,22.062,T257,40C,off
11/30/2022 03:19:43,Chamber 1,28-031662211eff,22.062,T257,40C,off
11/30/2022 03:20:03,Chamber 1,28-031662211eff,22.062,T257,40C,off
11/30/2022 03:20:23,Chamber 1,28-031662211eff,22.062,T257,40C,off
11/30/2022 03:20:43,Chamber 1,28-031662211eff,22.062,T257,40C,off
11/30/2022 03:21:03,Chamber 1,28-031662211eff,22.062,T257,40C,off
11/30/2022 03:21:23,Chamber 1,28-031662211eff,22.062,T257,40C,off
11/30/2022 03:21:43,Chamber 1,28-031662211eff,22.062,T257,40C,off
11/30/2022 03:22:03,Chamber 1,28-031662211eff,22.062,T257,40C,off
11/30/2022 03:22:23,Chamber 1,28-031662211eff,22.062,T257,40C,off
11/30/2022 03:22:43,Chamber 1,28-031662211eff,22.062,T257,40C,off
11/30/2022 03:23:03,Chamber 1,28-031662211eff,22.062,T257,40C,off
11/30/2022 03:23:23,Chamber 1,28-031662211eff,22.062,T257,40C,off
11/30/2022 03:23:43,Chamber 1,28-031662211eff,22.062,T257,40C,off
11/30/2022 03:24:03,Chamber 1,28-031662211eff,22.062,T257,40C,off
11/30/2022 03:24:23,Chamber 1,28-031662211eff,22.062,T257,40C,off
11/30/2022 03:24:43,Chamber 1,28-031662211eff,22.062,T257,40C,off
11/30/2022 03:25:02,Chamber 1,28-031662211eff,22.062,T257,40C,off
11/30/2022 03:25:23,Chamber 1,28-031662211eff,22.062,T257,40C,off
11/30/2022 03:25:43,Chamber 1,28-031662211eff,22.062,T257,40C,off
11/30/2022 03:26:03,Chamber 1,28-031662211eff,22.062,T257,40C,off
11/30/2022 03:26:23,Chamber 1,28-031662211eff,22.062,T257,40C,off
11/30/2022 03:26:42,Chamber 1,28-031662211eff,22.062,T257,40C,off
11/30/2022 03:27:03,Chamber 1,28-031662211eff,22.062,T257,40C,off
11/30/2022 03:27:23,Chamber 1,28-031662211eff,22.062,T257,40C,off
11/30/2022 03:27:43,Chamber 1,28-031662211eff,22.062,T257,40C,off
11/30/2022 03:28:03,Chamber 1,28-031662211eff,22.062,T257,40C,off
11/30/2022 03:28:23,Chamber 1,28-031662211eff,22.062,T257,40C,off
11/30/2022 03:28:43,Chamber 1,28-031662211eff,22.062,T257,40C,off
11/30/2022 03:29:03,Chamber 1,28-031662211eff,22.062,T257,40C,off
11/30/2022 03:29:23,Chamber 1,28-031662211eff,22.062,T257,40C,off
11/30/2022 03:29:43,Chamber 1,28-031662211eff,22.062,T257,40C,off
11/30/2022 03:30:03,Chamber 1,28-031662211eff,22.062,T257,40C,off
11/30/2022 03:30:23,Chamber 1,28-031662211eff,22.062,T257,40C,off
11/30/2022 03:30:43,Chamber 1,28-031662211eff,22.062,T257,40C,off
11/30/2022 03:31:03,Chamber 1,28-031662211eff,22.062,T257,40C,off
11/30/2022 03:31:23,Chamber 1,28-031662211eff,22.062,T257,40C,off
11/30/2022 03:31:43,Chamber 1,28-031662211eff,22.062,T257,40C,off
11/30/2022 03:32:03,Chamber 1,28-031662211eff,22.062,T257,40C,off
11/30/2022 03:32:23,Chamber 1,28-031662211eff,22.062,T257,40C,off
11/30/2022 03:32:42,Chamber 1,28-031662211eff,22.062,T257,40C,off
11/30/2022 03:33:03,Chamber 1,28-031662211eff,22.062,T257,40C,off
11/30/2022 03:33:23,Chamber 1,28-031662211eff,22.062,T257,40C,off
11/30/2022 03:33:43,Chamber 1,28-031662211eff,22.062,T257,40C,off
11/30/2022 03:34:03,Chamber 1,28-031662211eff,22.062,T257,40C,off
11/30/2022 03:34:22,Chamber 1,28-031662211eff,22.062,T257,40C,off
11/30/2022 03:34:43,Chamber 1,28-031662211eff,22.062,T257,40C,off
11/30/2022 03:35:03,Chamber 1,28-031662211eff,22.062,T257,40C,off
11/30/2022 03:35:23,Chamber 1,28-031662211eff,22.062,T257,40C,off
11/30/2022 03:35:43,Chamber 1,28-031662211eff,22.062,T257,40C,off
11/30/2022 03:36:03,Chamber 1,28-031662211eff,22.062,T257,40C,off
11/30/2022 03:36:23,Chamber 1,28-031662211eff,22.062,T257,40C,off
11/30/2022 03:36:43,Chamber 1,28-031662211eff,22.062,T257,40C,off
11/30/2022 03:37:03,Chamber 1,28-031662211eff,22.062,T257,40C,off
11/30/2022 03:37:23,Chamber 1,28-031662211eff,22.062,T257,40C,off
11/30/2022 03:37:43,Chamber 1,28-031662211eff,22.062,T257,40C,off
11/30/2022 03:38:03,Chamber 1,28-031662211eff,22.062,T257,40C,off
11/30/2022 03:38:23,Chamber 1,28-031662211eff,22.062,T257,40C,off
11/30/2022 03:38:43,Chamber 1,28-031662211eff,22.062,T257,40C,off
11/30/2022 03:39:03,Chamber 1,28-031662211eff,22.062,T257,40C,off
11/30/2022 03:39:23,Chamber 1,28-031662211eff,22.062,T257,40C,off
11/30/2022 03:39:43,Chamber 1,28-031662211eff,22.062,T257,40C,off
11/30/2022 03:40:03,Chamber 1,28-031662211eff,22.062,T257,40C,off
11/30/2022 03:40:23,Chamber 1,28-031662211eff,22.062,T257,40C,off
11/30/2022 03:40:43,Chamber 1,28-031662211eff,22.062,T257,40C,off
11/30/2022 03:41:03,Chamber 1,28-031662211eff,22.062,T257,40C,off
11/30/2022 03:41:23,Chamber 1,28-031662211eff,22.062,T257,40C,off
11/30/2022 03:41:43,Chamber 1,28-031662211eff,22.062,T257,40C,off
11/30/2022 03:42:03,Chamber 1,28-031662211eff,22.062,T257,40C,off
11/30/2022 03:42:23,Chamber 1,28-031662211eff,22.062,T257,40C,off
11/30/2022 03:42:43,Chamber 1,28-031662211eff,22.062,T257,40C,off
11/30/2022 03:43:03,Chamber 1,28-031662211eff,22.062,T257,40C,off
11/30/2022 03:43:23,Chamber 1,28-031662211eff,22.062,T257,40C,off
11/30/2022 03:43:42,Chamber 1,28-031662211eff,22.062,T257,40C,off
11/30/2022 03:44:03,Chamber 1,28-031662211eff,22.062,T257,40C,off
11/30/2022 03:44:23,Chamber 1,28-031662211eff,22.062,T257,40C,off
11/30/2022 03:44:43,Chamber 1,28-031662211eff,22.062,T257,40C,off
11/30/2022 03:45:03,Chamber 1,28-031662211eff,22.062,T257,40C,off
11/30/2022 03:45:23,Chamber 1,28-031662211eff,22.062,T257,40C,off
11/30/2022 03:45:43,Chamber 1,28-031662211eff,22.0,T257,40C,off
11/30/2022 03:46:03,Chamber 1,28-031662211eff,22.0,T257,40C,off
11/30/2022 03:46:23,Chamber 1,28-031662211eff,22.062,T257,40C,off
11/30/2022 03:46:43,Chamber 1,28-031662211eff,22.062,T257,40C,off
11/30/2022 03:47:03,Chamber 1,28-031662211eff,22.062,T257,40C,off
11/30/2022 03:47:23,Chamber 1,28-031662211eff,22.062,T257,40C,off
11/30/2022 03:47:43,Chamber 1,28-031662211eff,22.062,T257,40C,off
11/30/2022 03:48:03,Chamber 1,28-031662211eff,22.062,T257,40C,off
11/30/2022 03:48:23,Chamber 1,28-031662211eff,22.062,T257,40C,off
11/30/2022 03:48:43,Chamber 1,28-031662211eff,22.062,T257,40C,off
11/30/2022 03:49:03,Chamber 1,28-031662211eff,22.062,T257,40C,off
11/30/2022 03:49:23,Chamber 1,28-031662211eff,22.062,T257,40C,off
11/30/2022 03:49:43,Chamber 1,28-031662211eff,22.062,T257,40C,off
11/30/2022 03:50:03,Chamber 1,28-031662211eff,22.062,T257,40C,off
11/30/2022 03:50:23,Chamber 1,28-031662211eff,22.062,T257,40C,off
11/30/2022 03:50:43,Chamber 1,28-031662211eff,22.062,T257,40C,off
11/30/2022 03:51:03,Chamber 1,28-031662211eff,22.062,T257,40C,off
11/30/2022 03:51:23,Chamber 1,28-031662211eff,22.062,T257,40C,off
11/30/2022 03:51:43,Chamber 1,28-031662211eff,22.062,T257,40C,off
11/30/2022 03:52:02,Chamber 1,28-031662211eff,22.062,T257,40C,off
11/30/2022 03:52:23,Chamber 1,28-031662211eff,22.062,T257,40C,off
11/30/2022 03:52:43,Chamber 1,28-031662211eff,22.062,T257,40C,off
11/30/2022 03:53:03,Chamber 1,28-031662211eff,22.062,T257,40C,off
11/30/2022 03:53:23,Chamber 1,28-031662211eff,22.062,T257,40C,off
11/30/2022 03:53:43,Chamber 1,28-031662211eff,22.062,T257,40C,off
11/30/2022 03:54:03,Chamber 1,28-031662211eff,22.062,T257,40C,off
11/30/2022 03:54:23,Chamber 1,28-031662211eff,22.062,T257,40C,off
11/30/2022 03:54:43,Chamber 1,28-031662211eff,22.0,T257,40C,off
11/30/2022 03:55:03,Chamber 1,28-031662211eff,22.0,T257,40C,off
11/30/2022 03:55:23,Chamber 1,28-031662211eff,22.062,T257,40C,off
11/30/2022 03:55:42,Chamber 1,28-031662211eff,22.0,T257,40C,off
11/30/2022 03:56:03,Chamber 1,28-031662211eff,22.062,T257,40C,off
11/30/2022 03:56:22,Chamber 1,28-031662211eff,22.062,T257,40C,off
11/30/2022 03:56:43,Chamber 1,28-031662211eff,22.062,T257,40C,off
11/30/2022 03:57:03,Chamber 1,28-031662211eff,22.062,T257,40C,off
11/30/2022 03:57:23,Chamber 1,28-031662211eff,22.062,T257,40C,off
11/30/2022 03:57:43,Chamber 1,28-031662211eff,22.062,T257,40C,off
11/30/2022 03:58:03,Chamber 1,28-031662211eff,22.062,T257,40C,off
11/30/2022 03:58:23,Chamber 1,28-031662211eff,22.0,T257,40C,off
11/30/2022 03:58:43,Chamber 1,28-031662211eff,22.062,T257,40C,off
11/30/2022 03:59:03,Chamber 1,28-031662211eff,22.062,T257,40C,off
11/30/2022 03:59:23,Chamber 1,28-031662211eff,22.062,T257,40C,off
11/30/2022 03:59:43,Chamber 1,28-031662211eff,22.062,T257,40C,off
11/30/2022 04:00:02,Chamber 1,28-031662211eff,22.0,T257,40C,off
11/30/2022 04:00:22,Chamber 1,28-031662211eff,22.062,T257,40C,off
11/30/2022 04:00:42,Chamber 1,28-031662211eff,22.0,T257,40C,off
11/30/2022 04:01:02,Chamber 1,28-031662211eff,22.062,T257,40C,off
11/30/2022 04:01:22,Chamber 1,28-031662211eff,22.062,T257,40C,off
11/30/2022 04:01:42,Chamber 1,28-031662211eff,22.0,T257,40C,off
11/30/2022 04:02:02,Chamber 1,28-031662211eff,22.062,T257,40C,off
11/30/2022 04:02:22,Chamber 1,28-031662211eff,22.0,T257,40C,off
11/30/2022 04:02:42,Chamber 1,28-031662211eff,22.062,T257,40C,off
11/30/2022 04:03:02,Chamber 1,28-031662211eff,22.062,T257,40C,off
11/30/2022 04:03:22,Chamber 1,28-031662211eff,22.0,T257,40C,off
11/30/2022 04:03:42,Chamber 1,28-031662211eff,22.0,T257,40C,off
11/30/2022 04:04:02,Chamber 1,28-031662211eff,22.062,T257,40C,off
11/30/2022 04:04:22,Chamber 1,28-031662211eff,22.0,T257,40C,off
11/30/2022 04:04:42,Chamber 1,28-031662211eff,22.0,T257,40C,off
11/30/2022 04:05:02,Chamber 1,28-031662211eff,22.0,T257,40C,off
11/30/2022 04:05:22,Chamber 1,28-031662211eff,22.0,T257,40C,off
11/30/2022 04:05:42,Chamber 1,28-031662211eff,22.062,T257,40C,off
11/30/2022 04:06:02,Chamber 1,28-031662211eff,22.0,T257,40C,off
11/30/2022 04:06:22,Chamber 1,28-031662211eff,22.0,T257,40C,off
11/30/2022 04:06:42,Chamber 1,28-031662211eff,22.0,T257,40C,off
11/30/2022 04:07:02,Chamber 1,28-031662211eff,22.0,T257,40C,off
11/30/2022 04:07:22,Chamber 1,28-031662211eff,22.0,T257,40C,off
11/30/2022 04:07:42,Chamber 1,28-031662211eff,22.0,T257,40C,off
11/30/2022 04:08:02,Chamber 1,28-031662211eff,22.062,T257,40C,off
11/30/2022 04:08:22,Chamber 1,28-031662211eff,22.062,T257,40C,off
11/30/2022 04:08:42,Chamber 1,28-031662211eff,22.0,T257,40C,off
11/30/2022 04:09:02,Chamber 1,28-031662211eff,22.0,T257,40C,off
11/30/2022 04:09:22,Chamber 1,28-031662211eff,22.0,T257,40C,off
11/30/2022 04:09:42,Chamber 1,28-031662211eff,22.0,T257,40C,off
11/30/2022 04:10:02,Chamber 1,28-031662211eff,22.0,T257,40C,off
11/30/2022 04:10:22,Chamber 1,28-031662211eff,22.0,T257,40C,off
11/30/2022 04:10:42,Chamber 1,28-031662211eff,22.0,T257,40C,off
11/30/2022 04:11:02,Chamber 1,28-031662211eff,22.0,T257,40C,off
11/30/2022 04:11:22,Chamber 1,28-031662211eff,22.0,T257,40C,off
11/30/2022 04:11:42,Chamber 1,28-031662211eff,22.0,T257,40C,off
11/30/2022 04:12:02,Chamber 1,28-031662211eff,22.0,T257,40C,off
11/30/2022 04:12:22,Chamber 1,28-031662211eff,22.0,T257,40C,off
11/30/2022 04:12:42,Chamber 1,28-031662211eff,22.0,T257,40C,off
11/30/2022 04:13:02,Chamber 1,28-031662211eff,22.0,T257,40C,off
11/30/2022 04:13:22,Chamber 1,28-031662211eff,22.0,T257,40C,off
11/30/2022 04:13:42,Chamber 1,28-031662211eff,22.0,T257,40C,off
11/30/2022 04:14:02,Chamber 1,28-031662211eff,22.062,T257,40C,off
11/30/2022 04:14:22,Chamber 1,28-031662211eff,22.0,T257,40C,off
11/30/2022 04:14:42,Chamber 1,28-031662211eff,22.0,T257,40C,off
11/30/2022 04:15:02,Chamber 1,28-031662211eff,22.0,T257,40C,off
11/30/2022 04:15:22,Chamber 1,28-031662211eff,22.0,T257,40C,off
11/30/2022 04:15:42,Chamber 1,28-031662211eff,22.0,T257,40C,off
11/30/2022 04:16:02,Chamber 1,28-031662211eff,22.0,T257,40C,off
11/30/2022 04:16:22,Chamber 1,28-031662211eff,22.0,T257,40C,off
11/30/2022 04:16:42,Chamber 1,28-031662211eff,22.0,T257,40C,off
11/30/2022 04:17:02,Chamber 1,28-031662211eff,22.0,T257,40C,off
11/30/2022 04:17:22,Chamber 1,28-031662211eff,22.0,T257,40C,off
11/30/2022 04:17:42,Chamber 1,28-031662211eff,22.0,T257,40C,off
11/30/2022 04:18:02,Chamber 1,28-031662211eff,22.0,T257,40C,off
11/30/2022 04:18:22,Chamber 1,28-031662211eff,22.0,T257,40C,off
11/30/2022 04:18:42,Chamber 1,28-031662211eff,22.0,T257,40C,off
11/30/2022 04:19:02,Chamber 1,28-031662211eff,22.0,T257,40C,off
11/30/2022 04:19:22,Chamber 1,28-031662211eff,22.0,T257,40C,off
11/30/2022 04:19:42,Chamber 1,28-031662211eff,22.0,T257,40C,off
11/30/2022 04:20:02,Chamber 1,28-031662211eff,22.0,T257,40C,off
11/30/2022 04:20:22,Chamber 1,28-031662211eff,22.0,T257,40C,off
11/30/2022 04:20:42,Chamber 1,28-031662211eff,22.0,T257,40C,off
11/30/2022 04:21:02,Chamber 1,28-031662211eff,22.062,T257,40C,off
11/30/2022 04:21:22,Chamber 1,28-031662211eff,22.0,T257,40C,off
11/30/2022 04:21:42,Chamber 1,28-031662211eff,22.0,T257,40C,off
11/30/2022 04:22:02,Chamber 1,28-031662211eff,22.0,T257,40C,off
11/30/2022 04:22:22,Chamber 1,28-031662211eff,22.0,T257,40C,off
11/30/2022 04:22:42,Chamber 1,28-031662211eff,22.0,T257,40C,off
11/30/2022 04:23:02,Chamber 1,28-031662211eff,22.0,T257,40C,off
11/30/2022 04:23:22,Chamber 1,28-031662211eff,22.0,T257,40C,off
11/30/2022 04:23:42,Chamber 1,28-031662211eff,22.0,T257,40C,off
11/30/2022 04:24:02,Chamber 1,28-031662211eff,22.0,T257,40C,off
11/30/2022 04:24:22,Chamber 1,28-031662211eff,22.0,T257,40C,off
11/30/2022 04:24:42,Chamber 1,28-031662211eff,22.0,T257,40C,off
11/30/2022 04:25:02,Chamber 1,28-031662211eff,22.0,T257,40C,off
11/30/2022 04:25:22,Chamber 1,28-031662211eff,22.0,T257,40C,off
11/30/2022 04:25:42,Chamber 1,28-031662211eff,22.0,T257,40C,off
11/30/2022 04:26:03,Chamber 1,28-031662211eff,22.0,T257,40C,off
11/30/2022 04:26:22,Chamber 1,28-031662211eff,22.0,T257,40C,off
11/30/2022 04:26:42,Chamber 1,28-031662211eff,22.0,T257,40C,off
11/30/2022 04:27:02,Chamber 1,28-031662211eff,22.0,T257,40C,off
11/30/2022 04:27:22,Chamber 1,28-031662211eff,22.0,T257,40C,off
11/30/2022 04:27:42,Chamber 1,28-031662211eff,22.0,T257,40C,off
11/30/2022 04:28:02,Chamber 1,28-031662211eff,22.0,T257,40C,off
11/30/2022 04:28:22,Chamber 1,28-031662211eff,22.0,T257,40C,off
11/30/2022 04:28:42,Chamber 1,28-031662211eff,22.0,T257,40C,off
11/30/2022 04:29:02,Chamber 1,28-031662211eff,22.0,T257,40C,off
11/30/2022 04:29:22,Chamber 1,28-031662211eff,22.0,T257,40C,off
11/30/2022 04:29:42,Chamber 1,28-031662211eff,22.0,T257,40C,off
11/30/2022 04:30:02,Chamber 1,28-031662211eff,22.0,T257,40C,off
11/30/2022 04:30:22,Chamber 1,28-031662211eff,22.0,T257,40C,off
11/30/2022 04:30:42,Chamber 1,28-031662211eff,22.0,T257,40C,off
11/30/2022 04:31:02,Chamber 1,28-031662211eff,22.0,T257,40C,off
11/30/2022 04:31:22,Chamber 1,28-031662211eff,22.0,T257,40C,off
11/30/2022 04:31:42,Chamber 1,28-031662211eff,22.0,T257,40C,off
11/30/2022 04:32:02,Chamber 1,28-031662211eff,22.0,T257,40C,off
11/30/2022 04:32:22,Chamber 1,28-031662211eff,22.0,T257,40C,off
11/30/2022 04:32:42,Chamber 1,28-031662211eff,22.0,T257,40C,off
11/30/2022 04:33:02,Chamber 1,28-031662211eff,22.0,T257,40C,off
11/30/2022 04:33:22,Chamber 1,28-031662211eff,22.0,T257,40C,off
11/30/2022 04:33:42,Chamber 1,28-031662211eff,22.0,T257,40C,off
11/30/2022 04:34:02,Chamber 1,28-031662211eff,22.0,T257,40C,off
11/30/2022 04:34:22,Chamber 1,28-031662211eff,22.0,T257,40C,off
11/30/2022 04:34:42,Chamber 1,28-031662211eff,22.0,T257,40C,off
11/30/2022 04:35:02,Chamber 1,28-031662211eff,22.0,T257,40C,off
11/30/2022 04:35:22,Chamber 1,28-031662211eff,22.0,T257,40C,off
11/30/2022 04:35:42,Chamber 1,28-031662211eff,22.0,T257,40C,off
11/30/2022 04:36:02,Chamber 1,28-031662211eff,22.0,T257,40C,off
11/30/2022 04:36:22,Chamber 1,28-031662211eff,22.0,T257,40C,off
11/30/2022 04:36:42,Chamber 1,28-031662211eff,22.0,T257,40C,off
11/30/2022 04:37:02,Chamber 1,28-031662211eff,22.0,T257,40C,off
11/30/2022 04:37:22,Chamber 1,28-031662211eff,22.0,T257,40C,off
11/30/2022 04:37:42,Chamber 1,28-031662211eff,22.0,T257,40C,off
11/30/2022 04:38:02,Chamber 1,28-031662211eff,22.0,T257,40C,off
11/30/2022 04:38:22,Chamber 1,28-031662211eff,22.0,T257,40C,off
11/30/2022 04:38:42,Chamber 1,28-031662211eff,22.0,T257,40C,off
11/30/2022 04:39:02,Chamber 1,28-031662211eff,22.0,T257,40C,off
11/30/2022 04:39:22,Chamber 1,28-031662211eff,22.0,T257,40C,off
11/30/2022 04:39:42,Chamber 1,28-031662211eff,22.0,T257,40C,off
11/30/2022 04:40:02,Chamber 1,28-031662211eff,22.0,T257,40C,off
11/30/2022 04:40:22,Chamber 1,28-031662211eff,22.0,T257,40C,off
11/30/2022 04:40:42,Chamber 1,28-031662211eff,22.0,T257,40C,off
11/30/2022 04:41:02,Chamber 1,28-031662211eff,22.0,T257,40C,off
11/30/2022 04:41:22,Chamber 1,28-031662211eff,22.0,T257,40C,off
11/30/2022 04:41:42,Chamber 1,28-031662211eff,22.0,T257,40C,off
11/30/2022 04:42:02,Chamber 1,28-031662211eff,22.0,T257,40C,off
11/30/2022 04:42:22,Chamber 1,28-031662211eff,22.0,T257,40C,off
11/30/2022 04:42:42,Chamber 1,28-031662211eff,22.0,T257,40C,off
11/30/2022 04:43:02,Chamber 1,28-031662211eff,22.0,T257,40C,off
11/30/2022 04:43:22,Chamber 1,28-031662211eff,22.0,T257,40C,off
11/30/2022 04:43:42,Chamber 1,28-031662211eff,22.0,T257,40C,off
11/30/2022 04:44:02,Chamber 1,28-031662211eff,22.0,T257,40C,off
11/30/2022 04:44:22,Chamber 1,28-031662211eff,22.0,T257,40C,off
11/30/2022 04:44:42,Chamber 1,28-031662211eff,22.0,T257,40C,off
11/30/2022 04:45:02,Chamber 1,28-031662211eff,22.0,T257,40C,off
11/30/2022 04:45:22,Chamber 1,28-031662211eff,22.0,T257,40C,off
11/30/2022 04:45:42,Chamber 1,28-031662211eff,22.0,T257,40C,off
11/30/2022 04:46:02,Chamber 1,28-031662211eff,22.0,T257,40C,off
11/30/2022 04:46:22,Chamber 1,28-031662211eff,22.0,T257,40C,off
11/30/2022 04:46:42,Chamber 1,28-031662211eff,22.0,T257,40C,off
11/30/2022 04:47:02,Chamber 1,28-031662211eff,22.0,T257,40C,off
11/30/2022 04:47:22,Chamber 1,28-031662211eff,22.0,T257,40C,off
11/30/2022 04:47:42,Chamber 1,28-031662211eff,22.0,T257,40C,off
11/30/2022 04:48:02,Chamber 1,28-031662211eff,22.0,T257,40C,off
11/30/2022 04:48:22,Chamber 1,28-031662211eff,22.0,T257,40C,off
11/30/2022 04:48:42,Chamber 1,28-031662211eff,22.0,T257,40C,off
11/30/2022 04:49:02,Chamber 1,28-031662211eff,22.0,T257,40C,off
11/30/2022 04:49:22,Chamber 1,28-031662211eff,22.0,T257,40C,off
11/30/2022 04:49:42,Chamber 1,28-031662211eff,22.0,T257,40C,off
11/30/2022 04:50:02,Chamber 1,28-031662211eff,22.0,T257,40C,off
11/30/2022 04:50:22,Chamber 1,28-031662211eff,22.0,T257,40C,off
11/30/2022 04:50:42,Chamber 1,28-031662211eff,22.0,T257,40C,off
11/30/2022 04:51:02,Chamber 1,28-031662211eff,22.0,T257,40C,off
11/30/2022 04:51:22,Chamber 1,28-031662211eff,22.0,T257,40C,off
11/30/2022 04:51:43,Chamber 1,28-031662211eff,22.0,T257,40C,off
11/30/2022 04:52:02,Chamber 1,28-031662211eff,22.0,T257,40C,off
11/30/2022 04:52:22,Chamber 1,28-031662211eff,22.0,T257,40C,off
11/30/2022 04:52:42,Chamber 1,28-031662211eff,22.0,T257,40C,off
11/30/2022 04:53:02,Chamber 1,28-031662211eff,22.0,T257,40C,off
11/30/2022 04:53:22,Chamber 1,28-031662211eff,22.0,T257,40C,off
11/30/2022 04:53:42,Chamber 1,28-031662211eff,22.0,T257,40C,off
11/30/2022 04:54:02,Chamber 1,28-031662211eff,22.0,T257,40C,off
11/30/2022 04:54:22,Chamber 1,28-031662211eff,22.0,T257,40C,off
11/30/2022 04:54:42,Chamber 1,28-031662211eff,22.0,T257,40C,off
11/30/2022 04:55:02,Chamber 1,28-031662211eff,22.0,T257,40C,off
11/30/2022 04:55:22,Chamber 1,28-031662211eff,22.0,T257,40C,off
11/30/2022 04:55:42,Chamber 1,28-031662211eff,22.0,T257,40C,off
11/30/2022 04:56:02,Chamber 1,28-031662211eff,22.0,T257,40C,off
11/30/2022 04:56:22,Chamber 1,28-031662211eff,22.0,T257,40C,off
11/30/2022 04:56:42,Chamber 1,28-031662211eff,22.0,T257,40C,off
11/30/2022 04:57:02,Chamber 1,28-031662211eff,22.0,T257,40C,off
11/30/2022 04:57:22,Chamber 1,28-031662211eff,22.0,T257,40C,off
11/30/2022 04:57:42,Chamber 1,28-031662211eff,22.0,T257,40C,off
11/30/2022 04:58:02,Chamber 1,28-031662211eff,22.0,T257,40C,off
11/30/2022 04:58:22,Chamber 1,28-031662211eff,22.0,T257,40C,off
11/30/2022 04:58:42,Chamber 1,28-031662211eff,22.0,T257,40C,off
11/30/2022 04:59:02,Chamber 1,28-031662211eff,22.0,T257,40C,off
11/30/2022 04:59:23,Chamber 1,28-031662211eff,22.0,T257,40C,off
11/30/2022 04:59:42,Chamber 1,28-031662211eff,22.0,T257,40C,off
11/30/2022 05:00:02,Chamber 1,28-031662211eff,22.0,T257,40C,off
11/30/2022 05:00:22,Chamber 1,28-031662211eff,22.0,T257,40C,off
11/30/2022 05:00:42,Chamber 1,28-031662211eff,22.0,T257,40C,off
11/30/2022 05:01:02,Chamber 1,28-031662211eff,22.0,T257,40C,off
11/30/2022 05:01:22,Chamber 1,28-031662211eff,22.0,T257,40C,off
11/30/2022 05:01:42,Chamber 1,28-031662211eff,22.0,T257,40C,off
11/30/2022 05:02:02,Chamber 1,28-031662211eff,22.0,T257,40C,off
11/30/2022 05:02:22,Chamber 1,28-031662211eff,22.0,T257,40C,off
11/30/2022 05:02:42,Chamber 1,28-031662211eff,22.0,T257,40C,off
11/30/2022 05:03:02,Chamber 1,28-031662211eff,22.0,T257,40C,off
11/30/2022 05:03:22,Chamber 1,28-031662211eff,22.0,T257,40C,off
11/30/2022 05:03:42,Chamber 1,28-031662211eff,22.0,T257,40C,off
11/30/2022 05:04:02,Chamber 1,28-031662211eff,22.0,T257,40C,off
11/30/2022 05:04:22,Chamber 1,28-031662211eff,22.0,T257,40C,off
11/30/2022 05:04:42,Chamber 1,28-031662211eff,22.0,T257,40C,off
11/30/2022 05:05:02,Chamber 1,28-031662211eff,22.0,T257,40C,off
11/30/2022 05:05:22,Chamber 1,28-031662211eff,22.0,T257,40C,off
11/30/2022 05:05:42,Chamber 1,28-031662211eff,22.0,T257,40C,off
11/30/2022 05:06:02,Chamber 1,28-031662211eff,22.0,T257,40C,off
11/30/2022 05:06:22,Chamber 1,28-031662211eff,22.0,T257,40C,off
11/30/2022 05:06:42,Chamber 1,28-031662211eff,22.0,T257,40C,off
11/30/2022 05:07:02,Chamber 1,28-031662211eff,22.0,T257,40C,off
11/30/2022 05:07:22,Chamber 1,28-031662211eff,22.0,T257,40C,off
11/30/2022 05:07:42,Chamber 1,28-031662211eff,22.0,T257,40C,off
11/30/2022 05:08:02,Chamber 1,28-031662211eff,22.0,T257,40C,off
11/30/2022 05:08:22,Chamber 1,28-031662211eff,22.0,T257,40C,off
11/30/2022 05:08:42,Chamber 1,28-031662211eff,22.0,T257,40C,off
11/30/2022 05:09:02,Chamber 1,28-031662211eff,22.0,T257,40C,off
11/30/2022 05:09:22,Chamber 1,28-031662211eff,22.0,T257,40C,off
11/30/2022 05:09:42,Chamber 1,28-031662211eff,22.0,T257,40C,off
11/30/2022 05:10:02,Chamber 1,28-031662211eff,22.0,T257,40C,off
11/30/2022 05:10:22,Chamber 1,28-031662211eff,22.0,T257,40C,off
11/30/2022 05:10:42,Chamber 1,28-031662211eff,22.0,T257,40C,off
11/30/2022 05:11:02,Chamber 1,28-031662211eff,22.0,T257,40C,off
11/30/2022 05:11:22,Chamber 1,28-031662211eff,22.0,T257,40C,off
11/30/2022 05:11:42,Chamber 1,28-031662211eff,22.0,T257,40C,off
11/30/2022 05:12:02,Chamber 1,28-031662211eff,22.0,T257,40C,off
11/30/2022 05:12:22,Chamber 1,28-031662211eff,22.0,T257,40C,off
11/30/2022 05:12:42,Chamber 1,28-031662211eff,22.0,T257,40C,off
11/30/2022 05:13:02,Chamber 1,28-031662211eff,22.0,T257,40C,off
11/30/2022 05:13:22,Chamber 1,28-031662211eff,22.0,T257,40C,off
11/30/2022 05:13:42,Chamber 1,28-031662211eff,22.0,T257,40C,off
11/30/2022 05:14:02,Chamber 1,28-031662211eff,22.0,T257,40C,off
11/30/2022 05:14:22,Chamber 1,28-031662211eff,22.0,T257,40C,off
11/30/2022 05:14:42,Chamber 1,28-031662211eff,22.0,T257,40C,off
11/30/2022 05:15:02,Chamber 1,28-031662211eff,22.0,T257,40C,off
11/30/2022 05:15:22,Chamber 1,28-031662211eff,22.0,T257,40C,off
11/30/2022 05:15:42,Chamber 1,28-031662211eff,22.0,T257,40C,off
11/30/2022 05:16:02,Chamber 1,28-031662211eff,22.0,T257,40C,off
11/30/2022 05:16:22,Chamber 1,28-031662211eff,22.0,T257,40C,off
11/30/2022 05:16:42,Chamber 1,28-031662211eff,22.0,T257,40C,off
11/30/2022 05:17:02,Chamber 1,28-031662211eff,22.0,T257,40C,off
11/30/2022 05:17:22,Chamber 1,28-031662211eff,22.0,T257,40C,off
11/30/2022 05:17:42,Chamber 1,28-031662211eff,22.0,T257,40C,off
11/30/2022 05:18:02,Chamber 1,28-031662211eff,22.0,T257,40C,off
11/30/2022 05:18:22,Chamber 1,28-031662211eff,22.0,T257,40C,off
11/30/2022 05:18:42,Chamber 1,28-031662211eff,22.0,T257,40C,off
11/30/2022 05:19:02,Chamber 1,28-031662211eff,22.0,T257,40C,off
11/30/2022 05:19:22,Chamber 1,28-031662211eff,22.0,T257,40C,off
11/30/2022 05:19:42,Chamber 1,28-031662211eff,22.0,T257,40C,off
11/30/2022 05:20:02,Chamber 1,28-031662211eff,22.0,T257,40C,off
11/30/2022 05:20:22,Chamber 1,28-031662211eff,22.0,T257,40C,off
11/30/2022 05:20:42,Chamber 1,28-031662211eff,22.0,T257,40C,off
11/30/2022 05:21:02,Chamber 1,28-031662211eff,22.0,T257,40C,off
11/30/2022 05:21:22,Chamber 1,28-031662211eff,22.0,T257,40C,off
11/30/2022 05:21:42,Chamber 1,28-031662211eff,22.0,T257,40C,off
11/30/2022 05:22:02,Chamber 1,28-031662211eff,22.0,T257,40C,off
11/30/2022 05:22:22,Chamber 1,28-031662211eff,22.0,T257,40C,off
11/30/2022 05:22:42,Chamber 1,28-031662211eff,22.0,T257,40C,off
11/30/2022 05:23:02,Chamber 1,28-031662211eff,22.0,T257,40C,off
11/30/2022 05:23:22,Chamber 1,28-031662211eff,22.0,T257,40C,off
11/30/2022 05:23:42,Chamber 1,28-031662211eff,22.0,T257,40C,off
11/30/2022 05:24:02,Chamber 1,28-031662211eff,22.0,T257,40C,off
11/30/2022 05:24:22,Chamber 1,28-031662211eff,22.0,T257,40C,off
11/30/2022 05:24:42,Chamber 1,28-031662211eff,22.0,T257,40C,off
11/30/2022 05:25:02,Chamber 1,28-031662211eff,22.0,T257,40C,off
11/30/2022 05:25:22,Chamber 1,28-031662211eff,22.0,T257,40C,off
11/30/2022 05:25:42,Chamber 1,28-031662211eff,22.0,T257,40C,off
11/30/2022 05:26:02,Chamber 1,28-031662211eff,21.937,T257,40C,off
11/30/2022 05:26:22,Chamber 1,28-031662211eff,22.0,T257,40C,off
11/30/2022 05:26:42,Chamber 1,28-031662211eff,22.0,T257,40C,off
11/30/2022 05:27:02,Chamber 1,28-031662211eff,21.937,T257,40C,off
11/30/2022 05:27:22,Chamber 1,28-031662211eff,22.0,T257,40C,off
11/30/2022 05:27:42,Chamber 1,28-031662211eff,22.0,T257,40C,off
11/30/2022 05:28:02,Chamber 1,28-031662211eff,22.0,T257,40C,off
11/30/2022 05:28:22,Chamber 1,28-031662211eff,22.0,T257,40C,off
11/30/2022 05:28:42,Chamber 1,28-031662211eff,22.0,T257,40C,off
11/30/2022 05:29:02,Chamber 1,28-031662211eff,22.0,T257,40C,off
11/30/2022 05:29:22,Chamber 1,28-031662211eff,22.0,T257,40C,off
11/30/2022 05:29:42,Chamber 1,28-031662211eff,22.0,T257,40C,off
11/30/2022 05:30:02,Chamber 1,28-031662211eff,22.0,T257,40C,off
11/30/2022 05:30:22,Chamber 1,28-031662211eff,22.0,T257,40C,off
11/30/2022 05:30:42,Chamber 1,28-031662211eff,22.0,T257,40C,off
11/30/2022 05:31:02,Chamber 1,28-031662211eff,22.0,T257,40C,off
11/30/2022 05:31:22,Chamber 1,28-031662211eff,22.0,T257,40C,off
11/30/2022 05:31:42,Chamber 1,28-031662211eff,22.0,T257,40C,off
11/30/2022 05:32:02,Chamber 1,28-031662211eff,22.0,T257,40C,off
11/30/2022 05:32:22,Chamber 1,28-031662211eff,22.0,T257,40C,off
11/30/2022 05:32:42,Chamber 1,28-031662211eff,22.0,T257,40C,off
11/30/2022 05:33:02,Chamber 1,28-031662211eff,22.0,T257,40C,off
11/30/2022 05:33:22,Chamber 1,28-031662211eff,22.0,T257,40C,off
11/30/2022 05:33:42,Chamber 1,28-031662211eff,22.0,T257,40C,off
11/30/2022 05:34:02,Chamber 1,28-031662211eff,22.0,T257,40C,off
11/30/2022 05:34:22,Chamber 1,28-031662211eff,22.0,T257,40C,off
11/30/2022 05:34:42,Chamber 1,28-031662211eff,22.0,T257,40C,off
11/30/2022 05:35:02,Chamber 1,28-031662211eff,22.0,T257,40C,off
11/30/2022 05:35:22,Chamber 1,28-031662211eff,22.0,T257,40C,off
11/30/2022 05:35:42,Chamber 1,28-031662211eff,22.0,T257,40C,off
11/30/2022 05:36:02,Chamber 1,28-031662211eff,22.0,T257,40C,off
11/30/2022 05:36:22,Chamber 1,28-031662211eff,22.0,T257,40C,off
11/30/2022 05:36:42,Chamber 1,28-031662211eff,22.0,T257,40C,off
11/30/2022 05:37:02,Chamber 1,28-031662211eff,22.0,T257,40C,off
11/30/2022 05:37:22,Chamber 1,28-031662211eff,22.0,T257,40C,off
11/30/2022 05:37:42,Chamber 1,28-031662211eff,22.0,T257,40C,off
11/30/2022 05:38:02,Chamber 1,28-031662211eff,22.0,T257,40C,off
11/30/2022 05:38:22,Chamber 1,28-031662211eff,22.0,T257,40C,off
11/30/2022 05:38:42,Chamber 1,28-031662211eff,22.0,T257,40C,off
11/30/2022 05:39:02,Chamber 1,28-031662211eff,22.062,T257,40C,off
11/30/2022 05:39:22,Chamber 1,28-031662211eff,22.062,T257,40C,off
11/30/2022 05:39:42,Chamber 1,28-031662211eff,22.062,T257,40C,off
11/30/2022 05:40:02,Chamber 1,28-031662211eff,22.062,T257,40C,off
11/30/2022 05:40:22,Chamber 1,28-031662211eff,22.062,T257,40C,off
11/30/2022 05:40:42,Chamber 1,28-031662211eff,22.062,T257,40C,off
11/30/2022 05:41:02,Chamber 1,28-031662211eff,22.062,T257,40C,off
11/30/2022 05:41:22,Chamber 1,28-031662211eff,22.062,T257,40C,off
11/30/2022 05:41:42,Chamber 1,28-031662211eff,22.062,T257,40C,off
11/30/2022 05:42:02,Chamber 1,28-031662211eff,22.062,T257,40C,off
11/30/2022 05:42:23,Chamber 1,28-031662211eff,22.062,T257,40C,off
11/30/2022 05:42:42,Chamber 1,28-031662211eff,22.062,T257,40C,off
11/30/2022 05:43:02,Chamber 1,28-031662211eff,22.062,T257,40C,off
11/30/2022 05:43:22,Chamber 1,28-031662211eff,22.062,T257,40C,off
11/30/2022 05:43:42,Chamber 1,28-031662211eff,22.062,T257,40C,off
11/30/2022 05:44:02,Chamber 1,28-031662211eff,22.062,T257,40C,off
11/30/2022 05:44:22,Chamber 1,28-031662211eff,22.062,T257,40C,off
11/30/2022 05:44:42,Chamber 1,28-031662211eff,22.062,T257,40C,off
11/30/2022 05:45:02,Chamber 1,28-031662211eff,22.062,T257,40C,off
11/30/2022 05:45:22,Chamber 1,28-031662211eff,22.062,T257,40C,off
11/30/2022 05:45:42,Chamber 1,28-031662211eff,22.062,T257,40C,off
11/30/2022 05:46:02,Chamber 1,28-031662211eff,22.062,T257,40C,off
11/30/2022 05:46:22,Chamber 1,28-031662211eff,22.062,T257,40C,off
11/30/2022 05:46:42,Chamber 1,28-031662211eff,22.062,T257,40C,off
11/30/2022 05:47:02,Chamber 1,28-031662211eff,22.062,T257,40C,off
11/30/2022 05:47:22,Chamber 1,28-031662211eff,22.062,T257,40C,off
11/30/2022 05:47:42,Chamber 1,28-031662211eff,22.062,T257,40C,off
11/30/2022 05:48:02,Chamber 1,28-031662211eff,22.062,T257,40C,off
11/30/2022 05:48:22,Chamber 1,28-031662211eff,22.062,T257,40C,off
11/30/2022 05:48:42,Chamber 1,28-031662211eff,22.062,T257,40C,off
11/30/2022 05:49:02,Chamber 1,28-031662211eff,22.062,T257,40C,off
11/30/2022 05:49:22,Chamber 1,28-031662211eff,22.062,T257,40C,off
11/30/2022 05:49:42,Chamber 1,28-031662211eff,22.062,T257,40C,off
11/30/2022 05:50:02,Chamber 1,28-031662211eff,22.062,T257,40C,off
11/30/2022 05:50:22,Chamber 1,28-031662211eff,22.062,T257,40C,off
11/30/2022 05:50:42,Chamber 1,28-031662211eff,22.062,T257,40C,off
11/30/2022 05:51:02,Chamber 1,28-031662211eff,22.062,T257,40C,off
11/30/2022 05:51:22,Chamber 1,28-031662211eff,22.062,T257,40C,off
11/30/2022 05:51:42,Chamber 1,28-031662211eff,22.062,T257,40C,off
11/30/2022 05:52:02,Chamber 1,28-031662211eff,22.062,T257,40C,off
11/30/2022 05:52:22,Chamber 1,28-031662211eff,22.062,T257,40C,off
11/30/2022 05:52:42,Chamber 1,28-031662211eff,22.062,T257,40C,off
11/30/2022 05:53:02,Chamber 1,28-031662211eff,22.062,T257,40C,off
11/30/2022 05:53:22,Chamber 1,28-031662211eff,22.062,T257,40C,off
11/30/2022 05:53:42,Chamber 1,28-031662211eff,22.125,T257,40C,off
11/30/2022 05:54:02,Chamber 1,28-031662211eff,22.062,T257,40C,off
11/30/2022 05:54:22,Chamber 1,28-031662211eff,22.125,T257,40C,off
11/30/2022 05:54:42,Chamber 1,28-031662211eff,22.062,T257,40C,off
11/30/2022 05:55:02,Chamber 1,28-031662211eff,22.062,T257,40C,off
11/30/2022 05:55:22,Chamber 1,28-031662211eff,22.125,T257,40C,off
11/30/2022 05:55:42,Chamber 1,28-031662211eff,22.125,T257,40C,off
11/30/2022 05:56:02,Chamber 1,28-031662211eff,22.125,T257,40C,off
11/30/2022 05:56:22,Chamber 1,28-031662211eff,22.125,T257,40C,off
11/30/2022 05:56:42,Chamber 1,28-031662211eff,22.125,T257,40C,off
11/30/2022 05:57:02,Chamber 1,28-031662211eff,22.125,T257,40C,off
11/30/2022 05:57:22,Chamber 1,28-031662211eff,22.125,T257,40C,off
11/30/2022 05:57:42,Chamber 1,28-031662211eff,22.125,T257,40C,off
11/30/2022 05:58:02,Chamber 1,28-031662211eff,22.125,T257,40C,off
11/30/2022 05:58:22,Chamber 1,28-031662211eff,22.125,T257,40C,off
11/30/2022 05:58:42,Chamber 1,28-031662211eff,22.125,T257,40C,off
11/30/2022 05:59:02,Chamber 1,28-031662211eff,22.125,T257,40C,off
11/30/2022 05:59:22,Chamber 1,28-031662211eff,22.125,T257,40C,off
11/30/2022 05:59:42,Chamber 1,28-031662211eff,22.125,T257,40C,off
11/30/2022 06:00:02,Chamber 1,28-031662211eff,22.125,T257,40C,off
11/30/2022 06:00:22,Chamber 1,28-031662211eff,22.125,T257,40C,off
11/30/2022 06:00:42,Chamber 1,28-031662211eff,22.125,T257,40C,off
11/30/2022 06:01:02,Chamber 1,28-031662211eff,22.125,T257,40C,off
11/30/2022 06:01:22,Chamber 1,28-031662211eff,22.125,T257,40C,off
11/30/2022 06:01:42,Chamber 1,28-031662211eff,22.125,T257,40C,off
11/30/2022 06:02:02,Chamber 1,28-031662211eff,22.125,T257,40C,off
11/30/2022 06:02:23,Chamber 1,28-031662211eff,22.125,T257,40C,off
11/30/2022 06:02:42,Chamber 1,28-031662211eff,22.125,T257,40C,off
11/30/2022 06:03:02,Chamber 1,28-031662211eff,22.125,T257,40C,off
11/30/2022 06:03:22,Chamber 1,28-031662211eff,22.125,T257,40C,off
11/30/2022 06:03:42,Chamber 1,28-031662211eff,22.125,T257,40C,off
11/30/2022 06:04:02,Chamber 1,28-031662211eff,22.125,T257,40C,off
11/30/2022 06:04:22,Chamber 1,28-031662211eff,22.125,T257,40C,off
11/30/2022 06:04:42,Chamber 1,28-031662211eff,22.125,T257,40C,off
11/30/2022 06:05:02,Chamber 1,28-031662211eff,22.125,T257,40C,off
11/30/2022 06:05:22,Chamber 1,28-031662211eff,22.125,T257,40C,off
11/30/2022 06:05:42,Chamber 1,28-031662211eff,22.125,T257,40C,off
11/30/2022 06:06:02,Chamber 1,28-031662211eff,22.125,T257,40C,off
11/30/2022 06:06:22,Chamber 1,28-031662211eff,22.125,T257,40C,off
11/30/2022 06:06:42,Chamber 1,28-031662211eff,22.125,T257,40C,off
11/30/2022 06:07:02,Chamber 1,28-031662211eff,22.125,T257,40C,off
11/30/2022 06:07:22,Chamber 1,28-031662211eff,22.125,T257,40C,off
11/30/2022 06:07:42,Chamber 1,28-031662211eff,22.125,T257,40C,off
11/30/2022 06:08:02,Chamber 1,28-031662211eff,22.125,T257,40C,off
11/30/2022 06:08:22,Chamber 1,28-031662211eff,22.125,T257,40C,off
11/30/2022 06:08:42,Chamber 1,28-031662211eff,22.125,T257,40C,off
11/30/2022 06:09:02,Chamber 1,28-031662211eff,22.187,T257,40C,off
11/30/2022 06:09:22,Chamber 1,28-031662211eff,22.187,T257,40C,off
11/30/2022 06:09:42,Chamber 1,28-031662211eff,22.125,T257,40C,off
11/30/2022 06:10:02,Chamber 1,28-031662211eff,22.187,T257,40C,off
11/30/2022 06:10:22,Chamber 1,28-031662211eff,22.125,T257,40C,off
11/30/2022 06:10:42,Chamber 1,28-031662211eff,22.187,T257,40C,off
11/30/2022 06:11:02,Chamber 1,28-031662211eff,22.187,T257,40C,off
11/30/2022 06:11:22,Chamber 1,28-031662211eff,22.125,T257,40C,off
11/30/2022 06:11:42,Chamber 1,28-031662211eff,22.187,T257,40C,off
11/30/2022 06:12:02,Chamber 1,28-031662211eff,22.187,T257,40C,off
11/30/2022 06:12:22,Chamber 1,28-031662211eff,22.187,T257,40C,off
11/30/2022 06:12:42,Chamber 1,28-031662211eff,22.187,T257,40C,off
11/30/2022 06:13:02,Chamber 1,28-031662211eff,22.187,T257,40C,off
11/30/2022 06:13:22,Chamber 1,28-031662211eff,22.187,T257,40C,off
11/30/2022 06:13:42,Chamber 1,28-031662211eff,22.187,T257,40C,off
11/30/2022 06:14:02,Chamber 1,28-031662211eff,22.187,T257,40C,off
11/30/2022 06:14:22,Chamber 1,28-031662211eff,22.187,T257,40C,off
11/30/2022 06:14:42,Chamber 1,28-031662211eff,22.187,T257,40C,off
11/30/2022 06:15:02,Chamber 1,28-031662211eff,22.187,T257,40C,off
11/30/2022 06:15:22,Chamber 1,28-031662211eff,22.187,T257,40C,off
11/30/2022 06:15:42,Chamber 1,28-031662211eff,22.187,T257,40C,off
11/30/2022 06:16:02,Chamber 1,28-031662211eff,22.187,T257,40C,off
11/30/2022 06:16:22,Chamber 1,28-031662211eff,22.187,T257,40C,off
11/30/2022 06:16:42,Chamber 1,28-031662211eff,22.187,T257,40C,off
11/30/2022 06:17:02,Chamber 1,28-031662211eff,22.187,T257,40C,off
11/30/2022 06:17:22,Chamber 1,28-031662211eff,22.187,T257,40C,off
11/30/2022 06:17:42,Chamber 1,28-031662211eff,22.187,T257,40C,off
11/30/2022 06:18:02,Chamber 1,28-031662211eff,22.187,T257,40C,off
11/30/2022 06:18:22,Chamber 1,28-031662211eff,22.187,T257,40C,off
11/30/2022 06:18:42,Chamber 1,28-031662211eff,22.187,T257,40C,off
11/30/2022 06:19:02,Chamber 1,28-031662211eff,22.187,T257,40C,off
11/30/2022 06:19:22,Chamber 1,28-031662211eff,22.187,T257,40C,off
11/30/2022 06:19:42,Chamber 1,28-031662211eff,22.187,T257,40C,off
11/30/2022 06:20:02,Chamber 1,28-031662211eff,22.187,T257,40C,off
11/30/2022 06:20:22,Chamber 1,28-031662211eff,22.187,T257,40C,off
11/30/2022 06:20:42,Chamber 1,28-031662211eff,22.187,T257,40C,off
11/30/2022 06:21:02,Chamber 1,28-031662211eff,22.187,T257,40C,off
11/30/2022 06:21:22,Chamber 1,28-031662211eff,22.187,T257,40C,off
11/30/2022 06:21:42,Chamber 1,28-031662211eff,22.187,T257,40C,off
11/30/2022 06:22:02,Chamber 1,28-031662211eff,22.187,T257,40C,off
11/30/2022 06:22:22,Chamber 1,28-031662211eff,22.187,T257,40C,off
11/30/2022 06:22:42,Chamber 1,28-031662211eff,22.187,T257,40C,off
11/30/2022 06:23:02,Chamber 1,28-031662211eff,22.187,T257,40C,off
11/30/2022 06:23:22,Chamber 1,28-031662211eff,22.187,T257,40C,off
11/30/2022 06:23:42,Chamber 1,28-031662211eff,22.187,T257,40C,off
11/30/2022 06:24:02,Chamber 1,28-031662211eff,22.187,T257,40C,off
11/30/2022 06:24:22,Chamber 1,28-031662211eff,22.187,T257,40C,off
11/30/2022 06:24:42,Chamber 1,28-031662211eff,22.25,T257,40C,off
11/30/2022 06:25:02,Chamber 1,28-031662211eff,22.25,T257,40C,off
11/30/2022 06:25:22,Chamber 1,28-031662211eff,22.25,T257,40C,off
11/30/2022 06:25:42,Chamber 1,28-031662211eff,22.25,T257,40C,off
11/30/2022 06:26:02,Chamber 1,28-031662211eff,22.25,T257,40C,off
11/30/2022 06:26:22,Chamber 1,28-031662211eff,22.25,T257,40C,off
11/30/2022 06:26:42,Chamber 1,28-031662211eff,22.25,T257,40C,off
11/30/2022 06:27:02,Chamber 1,28-031662211eff,22.25,T257,40C,off
11/30/2022 06:27:22,Chamber 1,28-031662211eff,22.25,T257,40C,off
11/30/2022 06:27:42,Chamber 1,28-031662211eff,22.25,T257,40C,off
11/30/2022 06:28:02,Chamber 1,28-031662211eff,22.25,T257,40C,off
11/30/2022 06:28:22,Chamber 1,28-031662211eff,22.25,T257,40C,off
11/30/2022 06:28:42,Chamber 1,28-031662211eff,22.25,T257,40C,off
11/30/2022 06:29:02,Chamber 1,28-031662211eff,22.25,T257,40C,off
11/30/2022 06:29:22,Chamber 1,28-031662211eff,22.25,T257,40C,off
11/30/2022 06:29:42,Chamber 1,28-031662211eff,22.25,T257,40C,off
11/30/2022 06:30:02,Chamber 1,28-031662211eff,22.25,T257,40C,off
11/30/2022 06:30:22,Chamber 1,28-031662211eff,22.25,T257,40C,off
11/30/2022 06:30:42,Chamber 1,28-031662211eff,22.25,T257,40C,off
11/30/2022 06:31:02,Chamber 1,28-031662211eff,22.25,T257,40C,off
11/30/2022 06:31:22,Chamber 1,28-031662211eff,22.25,T257,40C,off
11/30/2022 06:31:42,Chamber 1,28-031662211eff,22.25,T257,40C,off
11/30/2022 06:32:02,Chamber 1,28-031662211eff,22.25,T257,40C,off
11/30/2022 06:32:22,Chamber 1,28-031662211eff,22.25,T257,40C,off
11/30/2022 06:32:42,Chamber 1,28-031662211eff,22.25,T257,40C,off
11/30/2022 06:33:02,Chamber 1,28-031662211eff,22.25,T257,40C,off
11/30/2022 06:33:22,Chamber 1,28-031662211eff,22.25,T257,40C,off
11/30/2022 06:33:42,Chamber 1,28-031662211eff,22.25,T257,40C,off
11/30/2022 06:34:02,Chamber 1,28-031662211eff,22.25,T257,40C,off
11/30/2022 06:34:22,Chamber 1,28-031662211eff,22.25,T257,40C,off
11/30/2022 06:34:42,Chamber 1,28-031662211eff,22.25,T257,40C,off
11/30/2022 06:35:02,Chamber 1,28-031662211eff,22.25,T257,40C,off
11/30/2022 06:35:22,Chamber 1,28-031662211eff,22.25,T257,40C,off
11/30/2022 06:35:42,Chamber 1,28-031662211eff,22.25,T257,40C,off
11/30/2022 06:36:02,Chamber 1,28-031662211eff,22.25,T257,40C,off
11/30/2022 06:36:22,Chamber 1,28-031662211eff,22.25,T257,40C,off
11/30/2022 06:36:42,Chamber 1,28-031662211eff,22.25,T257,40C,off
11/30/2022 06:37:02,Chamber 1,28-031662211eff,22.25,T257,40C,off
11/30/2022 06:37:22,Chamber 1,28-031662211eff,22.25,T257,40C,off
11/30/2022 06:37:42,Chamber 1,28-031662211eff,22.25,T257,40C,off
11/30/2022 06:38:02,Chamber 1,28-031662211eff,22.25,T257,40C,off
11/30/2022 06:38:22,Chamber 1,28-031662211eff,22.25,T257,40C,off
11/30/2022 06:38:42,Chamber 1,28-031662211eff,22.25,T257,40C,off
11/30/2022 06:39:02,Chamber 1,28-031662211eff,22.25,T257,40C,off
11/30/2022 06:39:22,Chamber 1,28-031662211eff,22.25,T257,40C,off
11/30/2022 06:39:42,Chamber 1,28-031662211eff,22.25,T257,40C,off
11/30/2022 06:40:02,Chamber 1,28-031662211eff,22.25,T257,40C,off
11/30/2022 06:40:22,Chamber 1,28-031662211eff,22.25,T257,40C,off
11/30/2022 06:40:42,Chamber 1,28-031662211eff,22.25,T257,40C,off
11/30/2022 06:41:02,Chamber 1,28-031662211eff,22.312,T257,40C,off
11/30/2022 06:41:22,Chamber 1,28-031662211eff,22.312,T257,40C,off
11/30/2022 06:41:42,Chamber 1,28-031662211eff,22.25,T257,40C,off
11/30/2022 06:42:02,Chamber 1,28-031662211eff,22.25,T257,40C,off
11/30/2022 06:42:22,Chamber 1,28-031662211eff,22.25,T257,40C,off
11/30/2022 06:42:42,Chamber 1,28-031662211eff,22.25,T257,40C,off
11/30/2022 06:43:02,Chamber 1,28-031662211eff,22.25,T257,40C,off
11/30/2022 06:43:22,Chamber 1,28-031662211eff,22.25,T257,40C,off
11/30/2022 06:43:42,Chamber 1,28-031662211eff,22.25,T257,40C,off
11/30/2022 06:44:02,Chamber 1,28-031662211eff,22.312,T257,40C,off
11/30/2022 06:44:22,Chamber 1,28-031662211eff,22.25,T257,40C,off
11/30/2022 06:44:42,Chamber 1,28-031662211eff,22.312,T257,40C,off
11/30/2022 06:45:02,Chamber 1,28-031662211eff,22.25,T257,40C,off
11/30/2022 06:45:22,Chamber 1,28-031662211eff,22.312,T257,40C,off
11/30/2022 06:45:42,Chamber 1,28-031662211eff,22.312,T257,40C,off
11/30/2022 06:46:02,Chamber 1,28-031662211eff,22.25,T257,40C,off
11/30/2022 06:46:22,Chamber 1,28-031662211eff,22.312,T257,40C,off
11/30/2022 06:46:42,Chamber 1,28-031662211eff,22.312,T257,40C,off
11/30/2022 06:47:02,Chamber 1,28-031662211eff,22.312,T257,40C,off
11/30/2022 06:47:22,Chamber 1,28-031662211eff,22.312,T257,40C,off
11/30/2022 06:47:42,Chamber 1,28-031662211eff,22.312,T257,40C,off
11/30/2022 06:48:02,Chamber 1,28-031662211eff,22.312,T257,40C,off
11/30/2022 06:48:22,Chamber 1,28-031662211eff,22.312,T257,40C,off
11/30/2022 06:48:43,Chamber 1,28-031662211eff,22.312,T257,40C,off
11/30/2022 06:49:02,Chamber 1,28-031662211eff,22.312,T257,40C,off
11/30/2022 06:49:22,Chamber 1,28-031662211eff,22.312,T257,40C,off
11/30/2022 06:49:42,Chamber 1,28-031662211eff,22.312,T257,40C,off
11/30/2022 06:50:02,Chamber 1,28-031662211eff,22.312,T257,40C,off
11/30/2022 06:50:22,Chamber 1,28-031662211eff,22.312,T257,40C,off
11/30/2022 06:50:42,Chamber 1,28-031662211eff,22.312,T257,40C,off
11/30/2022 06:51:02,Chamber 1,28-031662211eff,22.312,T257,40C,off
11/30/2022 06:51:22,Chamber 1,28-031662211eff,22.312,T257,40C,off
11/30/2022 06:51:42,Chamber 1,28-031662211eff,22.312,T257,40C,off
11/30/2022 06:52:02,Chamber 1,28-031662211eff,22.312,T257,40C,off
11/30/2022 06:52:22,Chamber 1,28-031662211eff,22.312,T257,40C,off
11/30/2022 06:52:42,Chamber 1,28-031662211eff,22.312,T257,40C,off
11/30/2022 06:53:02,Chamber 1,28-031662211eff,22.312,T257,40C,off
11/30/2022 06:53:22,Chamber 1,28-031662211eff,22.312,T257,40C,off
11/30/2022 06:53:42,Chamber 1,28-031662211eff,22.312,T257,40C,off
11/30/2022 06:54:02,Chamber 1,28-031662211eff,22.312,T257,40C,off
11/30/2022 06:54:22,Chamber 1,28-031662211eff,22.312,T257,40C,off
11/30/2022 06:54:42,Chamber 1,28-031662211eff,22.312,T257,40C,off
11/30/2022 06:55:02,Chamber 1,28-031662211eff,22.312,T257,40C,off
11/30/2022 06:55:22,Chamber 1,28-031662211eff,22.312,T257,40C,off
11/30/2022 06:55:42,Chamber 1,28-031662211eff,22.312,T257,40C,off
11/30/2022 06:56:02,Chamber 1,28-031662211eff,22.312,T257,40C,off
11/30/2022 06:56:22,Chamber 1,28-031662211eff,22.312,T257,40C,off
11/30/2022 06:56:42,Chamber 1,28-031662211eff,22.312,T257,40C,off
11/30/2022 06:57:02,Chamber 1,28-031662211eff,22.312,T257,40C,off
11/30/2022 06:57:22,Chamber 1,28-031662211eff,22.312,T257,40C,off
11/30/2022 06:57:42,Chamber 1,28-031662211eff,22.312,T257,40C,off
11/30/2022 06:58:02,Chamber 1,28-031662211eff,22.312,T257,40C,off
11/30/2022 06:58:22,Chamber 1,28-031662211eff,22.312,T257,40C,off
11/30/2022 06:58:42,Chamber 1,28-031662211eff,22.312,T257,40C,off
11/30/2022 06:59:02,Chamber 1,28-031662211eff,22.312,T257,40C,off
11/30/2022 06:59:22,Chamber 1,28-031662211eff,22.312,T257,40C,off
11/30/2022 06:59:42,Chamber 1,28-031662211eff,22.312,T257,40C,off
11/30/2022 07:00:03,Chamber 1,28-031662211eff,22.312,T257,40C,off
11/30/2022 07:00:23,Chamber 1,28-031662211eff,22.312,T257,40C,off
11/30/2022 07:00:43,Chamber 1,28-031662211eff,22.312,T257,40C,off
11/30/2022 07:01:03,Chamber 1,28-031662211eff,22.312,T257,40C,off
11/30/2022 07:01:23,Chamber 1,28-031662211eff,22.312,T257,40C,off
11/30/2022 07:01:43,Chamber 1,28-031662211eff,22.312,T257,40C,off
11/30/2022 07:02:03,Chamber 1,28-031662211eff,22.312,T257,40C,off
11/30/2022 07:02:23,Chamber 1,28-031662211eff,22.312,T257,40C,off
11/30/2022 07:02:43,Chamber 1,28-031662211eff,22.312,T257,40C,off
11/30/2022 07:03:03,Chamber 1,28-031662211eff,22.312,T257,40C,off
11/30/2022 07:03:23,Chamber 1,28-031662211eff,22.312,T257,40C,off
11/30/2022 07:03:43,Chamber 1,28-031662211eff,22.312,T257,40C,off
11/30/2022 07:04:03,Chamber 1,28-031662211eff,22.312,T257,40C,off
11/30/2022 07:04:23,Chamber 1,28-031662211eff,22.312,T257,40C,off
11/30/2022 07:04:43,Chamber 1,28-031662211eff,22.312,T257,40C,off
11/30/2022 07:05:03,Chamber 1,28-031662211eff,22.312,T257,40C,off
11/30/2022 07:05:23,Chamber 1,28-031662211eff,22.312,T257,40C,off
11/30/2022 07:05:43,Chamber 1,28-031662211eff,22.312,T257,40C,off
11/30/2022 07:06:03,Chamber 1,28-031662211eff,22.312,T257,40C,off
11/30/2022 07:06:23,Chamber 1,28-031662211eff,22.312,T257,40C,off
11/30/2022 07:06:43,Chamber 1,28-031662211eff,22.312,T257,40C,off
11/30/2022 07:07:03,Chamber 1,28-031662211eff,22.312,T257,40C,off
11/30/2022 07:07:23,Chamber 1,28-031662211eff,22.312,T257,40C,off
11/30/2022 07:07:43,Chamber 1,28-031662211eff,22.312,T257,40C,off
11/30/2022 07:08:03,Chamber 1,28-031662211eff,22.312,T257,40C,off
11/30/2022 07:08:23,Chamber 1,28-031662211eff,22.312,T257,40C,off
11/30/2022 07:08:43,Chamber 1,28-031662211eff,22.312,T257,40C,off
11/30/2022 07:09:03,Chamber 1,28-031662211eff,22.312,T257,40C,off
11/30/2022 07:09:23,Chamber 1,28-031662211eff,22.312,T257,40C,off
11/30/2022 07:09:43,Chamber 1,28-031662211eff,22.312,T257,40C,off
11/30/2022 07:10:03,Chamber 1,28-031662211eff,22.312,T257,40C,off
11/30/2022 07:10:23,Chamber 1,28-031662211eff,22.312,T257,40C,off
11/30/2022 07:10:43,Chamber 1,28-031662211eff,22.312,T257,40C,off
11/30/2022 07:11:03,Chamber 1,28-031662211eff,22.312,T257,40C,off
11/30/2022 07:11:23,Chamber 1,28-031662211eff,22.312,T257,40C,off
11/30/2022 07:11:43,Chamber 1,28-031662211eff,22.312,T257,40C,off
11/30/2022 07:12:03,Chamber 1,28-031662211eff,22.312,T257,40C,off
11/30/2022 07:12:23,Chamber 1,28-031662211eff,22.312,T257,40C,off
11/30/2022 07:12:43,Chamber 1,28-031662211eff,22.312,T257,40C,off
11/30/2022 07:13:03,Chamber 1,28-031662211eff,22.312,T257,40C,off
11/30/2022 07:13:23,Chamber 1,28-031662211eff,22.312,T257,40C,off
11/30/2022 07:13:43,Chamber 1,28-031662211eff,22.312,T257,40C,off
11/30/2022 07:14:03,Chamber 1,28-031662211eff,22.312,T257,40C,off
11/30/2022 07:14:23,Chamber 1,28-031662211eff,22.312,T257,40C,off
11/30/2022 07:14:43,Chamber 1,28-031662211eff,22.312,T257,40C,off
11/30/2022 07:15:03,Chamber 1,28-031662211eff,22.312,T257,40C,off
11/30/2022 07:15:23,Chamber 1,28-031662211eff,22.312,T257,40C,off
11/30/2022 07:15:43,Chamber 1,28-031662211eff,22.312,T257,40C,off
11/30/2022 07:16:03,Chamber 1,28-031662211eff,22.312,T257,40C,off
11/30/2022 07:16:23,Chamber 1,28-031662211eff,22.312,T257,40C,off
11/30/2022 07:16:43,Chamber 1,28-031662211eff,22.312,T257,40C,off
11/30/2022 07:17:03,Chamber 1,28-031662211eff,22.312,T257,40C,off
11/30/2022 07:17:23,Chamber 1,28-031662211eff,22.312,T257,40C,off
11/30/2022 07:17:43,Chamber 1,28-031662211eff,22.312,T257,40C,off
11/30/2022 07:18:03,Chamber 1,28-031662211eff,22.312,T257,40C,off
11/30/2022 07:18:23,Chamber 1,28-031662211eff,22.312,T257,40C,off
11/30/2022 07:18:43,Chamber 1,28-031662211eff,22.312,T257,40C,off
11/30/2022 07:19:03,Chamber 1,28-031662211eff,22.312,T257,40C,off
11/30/2022 07:19:23,Chamber 1,28-031662211eff,22.312,T257,40C,off
11/30/2022 07:19:43,Chamber 1,28-031662211eff,22.312,T257,40C,off
11/30/2022 07:20:03,Chamber 1,28-031662211eff,22.312,T257,40C,off
11/30/2022 07:20:23,Chamber 1,28-031662211eff,22.312,T257,40C,off
11/30/2022 07:20:43,Chamber 1,28-031662211eff,22.312,T257,40C,off
11/30/2022 07:21:03,Chamber 1,28-031662211eff,22.312,T257,40C,off
11/30/2022 07:21:23,Chamber 1,28-031662211eff,22.312,T257,40C,off
11/30/2022 07:21:43,Chamber 1,28-031662211eff,22.312,T257,40C,off
11/30/2022 07:22:03,Chamber 1,28-031662211eff,22.312,T257,40C,off
11/30/2022 07:22:23,Chamber 1,28-031662211eff,22.312,T257,40C,off
11/30/2022 07:22:43,Chamber 1,28-031662211eff,22.312,T257,40C,off
11/30/2022 07:23:03,Chamber 1,28-031662211eff,22.312,T257,40C,off
11/30/2022 07:23:24,Chamber 1,28-031662211eff,22.312,T257,40C,off
11/30/2022 07:23:43,Chamber 1,28-031662211eff,22.312,T257,40C,off
11/30/2022 07:24:03,Chamber 1,28-031662211eff,22.312,T257,40C,off
11/30/2022 07:24:23,Chamber 1,28-031662211eff,22.312,T257,40C,off
11/30/2022 07:24:43,Chamber 1,28-031662211eff,22.312,T257,40C,off
11/30/2022 07:25:03,Chamber 1,28-031662211eff,22.375,T257,40C,off
11/30/2022 07:25:23,Chamber 1,28-031662211eff,22.312,T257,40C,off
11/30/2022 07:25:43,Chamber 1,28-031662211eff,22.312,T257,40C,off
11/30/2022 07:26:03,Chamber 1,28-031662211eff,22.312,T257,40C,off
11/30/2022 07:26:23,Chamber 1,28-031662211eff,22.312,T257,40C,off
11/30/2022 07:26:43,Chamber 1,28-031662211eff,22.312,T257,40C,off
11/30/2022 07:27:03,Chamber 1,28-031662211eff,22.312,T257,40C,off
11/30/2022 07:27:23,Chamber 1,28-031662211eff,22.312,T257,40C,off
11/30/2022 07:27:43,Chamber 1,28-031662211eff,22.312,T257,40C,off
11/30/2022 07:28:03,Chamber 1,28-031662211eff,22.375,T257,40C,off
11/30/2022 07:28:23,Chamber 1,28-031662211eff,22.312,T257,40C,off
11/30/2022 07:28:43,Chamber 1,28-031662211eff,22.312,T257,40C,off
11/30/2022 07:29:03,Chamber 1,28-031662211eff,22.312,T257,40C,off
11/30/2022 07:29:23,Chamber 1,28-031662211eff,22.312,T257,40C,off
11/30/2022 07:29:43,Chamber 1,28-031662211eff,22.312,T257,40C,off
11/30/2022 07:30:03,Chamber 1,28-031662211eff,22.312,T257,40C,off
11/30/2022 07:30:23,Chamber 1,28-031662211eff,22.312,T257,40C,off
11/30/2022 07:30:43,Chamber 1,28-031662211eff,22.312,T257,40C,off
11/30/2022 07:31:03,Chamber 1,28-031662211eff,22.375,T257,40C,off
11/30/2022 07:31:23,Chamber 1,28-031662211eff,22.312,T257,40C,off
11/30/2022 07:31:43,Chamber 1,28-031662211eff,22.375,T257,40C,off
11/30/2022 07:32:03,Chamber 1,28-031662211eff,22.312,T257,40C,off
11/30/2022 07:32:23,Chamber 1,28-031662211eff,22.312,T257,40C,off
11/30/2022 07:32:43,Chamber 1,28-031662211eff,22.375,T257,40C,off
11/30/2022 07:33:03,Chamber 1,28-031662211eff,22.375,T257,40C,off
11/30/2022 07:33:23,Chamber 1,28-031662211eff,22.375,T257,40C,off
11/30/2022 07:33:43,Chamber 1,28-031662211eff,22.312,T257,40C,off
11/30/2022 07:34:03,Chamber 1,28-031662211eff,22.375,T257,40C,off
11/30/2022 07:34:23,Chamber 1,28-031662211eff,22.375,T257,40C,off
11/30/2022 07:34:43,Chamber 1,28-031662211eff,22.375,T257,40C,off
11/30/2022 07:35:03,Chamber 1,28-031662211eff,22.375,T257,40C,off
11/30/2022 07:35:23,Chamber 1,28-031662211eff,22.312,T257,40C,off
11/30/2022 07:35:43,Chamber 1,28-031662211eff,22.375,T257,40C,off
11/30/2022 07:36:03,Chamber 1,28-031662211eff,22.375,T257,40C,off
11/30/2022 07:36:23,Chamber 1,28-031662211eff,22.375,T257,40C,off
11/30/2022 07:36:43,Chamber 1,28-031662211eff,22.375,T257,40C,off
11/30/2022 07:37:03,Chamber 1,28-031662211eff,22.375,T257,40C,off
11/30/2022 07:37:23,Chamber 1,28-031662211eff,22.375,T257,40C,off
11/30/2022 07:37:43,Chamber 1,28-031662211eff,22.312,T257,40C,off
11/30/2022 07:38:03,Chamber 1,28-031662211eff,22.375,T257,40C,off
11/30/2022 07:38:23,Chamber 1,28-031662211eff,22.312,T257,40C,off
11/30/2022 07:38:43,Chamber 1,28-031662211eff,22.312,T257,40C,off
11/30/2022 07:39:03,Chamber 1,28-031662211eff,22.312,T257,40C,off
11/30/2022 07:39:23,Chamber 1,28-031662211eff,22.312,T257,40C,off
11/30/2022 07:39:43,Chamber 1,28-031662211eff,22.375,T257,40C,off
11/30/2022 07:40:03,Chamber 1,28-031662211eff,22.375,T257,40C,off
11/30/2022 07:40:23,Chamber 1,28-031662211eff,22.375,T257,40C,off
11/30/2022 07:40:43,Chamber 1,28-031662211eff,22.375,T257,40C,off
11/30/2022 07:41:03,Chamber 1,28-031662211eff,22.375,T257,40C,off
11/30/2022 07:41:23,Chamber 1,28-031662211eff,22.312,T257,40C,off
11/30/2022 07:41:43,Chamber 1,28-031662211eff,22.375,T257,40C,off
11/30/2022 07:42:03,Chamber 1,28-031662211eff,22.375,T257,40C,off
11/30/2022 07:42:23,Chamber 1,28-031662211eff,22.375,T257,40C,off
11/30/2022 07:42:43,Chamber 1,28-031662211eff,22.375,T257,40C,off
11/30/2022 07:43:03,Chamber 1,28-031662211eff,22.375,T257,40C,off
11/30/2022 07:43:23,Chamber 1,28-031662211eff,22.375,T257,40C,off
11/30/2022 07:43:43,Chamber 1,28-031662211eff,22.312,T257,40C,off
11/30/2022 07:44:03,Chamber 1,28-031662211eff,22.375,T257,40C,off
11/30/2022 07:44:23,Chamber 1,28-031662211eff,22.375,T257,40C,off
11/30/2022 07:44:43,Chamber 1,28-031662211eff,22.375,T257,40C,off
11/30/2022 07:45:03,Chamber 1,28-031662211eff,22.375,T257,40C,off
11/30/2022 07:45:23,Chamber 1,28-031662211eff,22.375,T257,40C,off
11/30/2022 07:45:43,Chamber 1,28-031662211eff,22.375,T257,40C,off
11/30/2022 07:46:03,Chamber 1,28-031662211eff,22.375,T257,40C,off
11/30/2022 07:46:23,Chamber 1,28-031662211eff,22.375,T257,40C,off
11/30/2022 07:46:43,Chamber 1,28-031662211eff,22.375,T257,40C,off
11/30/2022 07:47:03,Chamber 1,28-031662211eff,22.375,T257,40C,off
11/30/2022 07:47:23,Chamber 1,28-031662211eff,22.375,T257,40C,off
11/30/2022 07:47:44,Chamber 1,28-031662211eff,22.375,T257,40C,off
11/30/2022 07:48:03,Chamber 1,28-031662211eff,22.375,T257,40C,off
11/30/2022 07:48:23,Chamber 1,28-031662211eff,22.375,T257,40C,off
11/30/2022 07:48:43,Chamber 1,28-031662211eff,22.375,T257,40C,off
11/30/2022 07:49:03,Chamber 1,28-031662211eff,22.375,T257,40C,off
11/30/2022 07:49:23,Chamber 1,28-031662211eff,22.375,T257,40C,off
11/30/2022 07:49:43,Chamber 1,28-031662211eff,22.375,T257,40C,off
11/30/2022 07:50:03,Chamber 1,28-031662211eff,22.375,T257,40C,off
11/30/2022 07:50:23,Chamber 1,28-031662211eff,22.375,T257,40C,off
11/30/2022 07:50:43,Chamber 1,28-031662211eff,22.375,T257,40C,off
11/30/2022 07:51:03,Chamber 1,28-031662211eff,22.375,T257,40C,off
11/30/2022 07:51:23,Chamber 1,28-031662211eff,22.375,T257,40C,off
11/30/2022 07:51:43,Chamber 1,28-031662211eff,22.375,T257,40C,off
11/30/2022 07:52:03,Chamber 1,28-031662211eff,22.375,T257,40C,off
11/30/2022 07:52:23,Chamber 1,28-031662211eff,22.375,T257,40C,off
11/30/2022 07:52:43,Chamber 1,28-031662211eff,22.375,T257,40C,off
11/30/2022 07:53:03,Chamber 1,28-031662211eff,22.375,T257,40C,off
11/30/2022 07:53:23,Chamber 1,28-031662211eff,22.375,T257,40C,off
11/30/2022 07:53:43,Chamber 1,28-031662211eff,22.375,T257,40C,off
11/30/2022 07:54:03,Chamber 1,28-031662211eff,22.375,T257,40C,off
11/30/2022 07:54:23,Chamber 1,28-031662211eff,22.375,T257,40C,off
11/30/2022 07:54:43,Chamber 1,28-031662211eff,22.375,T257,40C,off
11/30/2022 07:55:03,Chamber 1,28-031662211eff,22.375,T257,40C,off
11/30/2022 07:55:23,Chamber 1,28-031662211eff,22.375,T257,40C,off
11/30/2022 07:55:43,Chamber 1,28-031662211eff,22.375,T257,40C,off
11/30/2022 07:56:04,Chamber 1,28-031662211eff,22.375,T257,40C,off
11/30/2022 07:56:23,Chamber 1,28-031662211eff,22.375,T257,40C,off
11/30/2022 07:56:43,Chamber 1,28-031662211eff,22.375,T257,40C,off
11/30/2022 07:57:03,Chamber 1,28-031662211eff,22.375,T257,40C,off
11/30/2022 07:57:23,Chamber 1,28-031662211eff,22.375,T257,40C,off
11/30/2022 07:57:43,Chamber 1,28-031662211eff,22.375,T257,40C,off
11/30/2022 07:58:03,Chamber 1,28-031662211eff,22.375,T257,40C,off
11/30/2022 07:58:23,Chamber 1,28-031662211eff,22.375,T257,40C,off
11/30/2022 07:58:43,Chamber 1,28-031662211eff,22.375,T257,40C,off
11/30/2022 07:59:03,Chamber 1,28-031662211eff,22.375,T257,40C,off
11/30/2022 07:59:23,Chamber 1,28-031662211eff,22.375,T257,40C,off
11/30/2022 07:59:43,Chamber 1,28-031662211eff,22.375,T257,40C,off
11/30/2022 08:00:02,Chamber 1,28-031662211eff,22.375,T257,40C,off
11/30/2022 08:00:22,Chamber 1,28-031662211eff,22.375,T257,40C,off
11/30/2022 08:00:42,Chamber 1,28-031662211eff,22.375,T257,40C,off
11/30/2022 08:01:02,Chamber 1,28-031662211eff,22.375,T257,40C,off
11/30/2022 08:01:22,Chamber 1,28-031662211eff,22.375,T257,40C,off
11/30/2022 08:01:42,Chamber 1,28-031662211eff,22.375,T257,40C,off
11/30/2022 08:02:02,Chamber 1,28-031662211eff,22.375,T257,40C,off
11/30/2022 08:02:22,Chamber 1,28-031662211eff,22.375,T257,40C,off
11/30/2022 08:02:42,Chamber 1,28-031662211eff,22.375,T257,40C,off
11/30/2022 08:03:02,Chamber 1,28-031662211eff,22.375,T257,40C,off
11/30/2022 08:03:22,Chamber 1,28-031662211eff,22.375,T257,40C,off
11/30/2022 08:03:42,Chamber 1,28-031662211eff,22.375,T257,40C,off
11/30/2022 08:04:02,Chamber 1,28-031662211eff,22.375,T257,40C,off
11/30/2022 08:04:22,Chamber 1,28-031662211eff,22.375,T257,40C,off
11/30/2022 08:04:42,Chamber 1,28-031662211eff,22.375,T257,40C,off
11/30/2022 08:05:02,Chamber 1,28-031662211eff,22.375,T257,40C,off
11/30/2022 08:05:22,Chamber 1,28-031662211eff,22.375,T257,40C,off
11/30/2022 08:05:42,Chamber 1,28-031662211eff,22.375,T257,40C,off
11/30/2022 08:06:02,Chamber 1,28-031662211eff,22.375,T257,40C,off
11/30/2022 08:06:22,Chamber 1,28-031662211eff,22.375,T257,40C,off
11/30/2022 08:06:42,Chamber 1,28-031662211eff,22.375,T257,40C,off
11/30/2022 08:07:02,Chamber 1,28-031662211eff,22.375,T257,40C,off
11/30/2022 08:07:22,Chamber 1,28-031662211eff,22.375,T257,40C,off
11/30/2022 08:07:42,Chamber 1,28-031662211eff,22.375,T257,40C,off
11/30/2022 08:08:02,Chamber 1,28-031662211eff,22.375,T257,40C,off
11/30/2022 08:08:22,Chamber 1,28-031662211eff,22.375,T257,40C,off
11/30/2022 08:08:42,Chamber 1,28-031662211eff,22.375,T257,40C,off
11/30/2022 08:09:02,Chamber 1,28-031662211eff,22.375,T257,40C,off
11/30/2022 08:09:22,Chamber 1,28-031662211eff,22.375,T257,40C,off
11/30/2022 08:09:42,Chamber 1,28-031662211eff,22.375,T257,40C,off
11/30/2022 08:10:02,Chamber 1,28-031662211eff,22.375,T257,40C,off
11/30/2022 08:10:22,Chamber 1,28-031662211eff,22.375,T257,40C,off
11/30/2022 08:10:42,Chamber 1,28-031662211eff,22.375,T257,40C,off
11/30/2022 08:11:02,Chamber 1,28-031662211eff,22.375,T257,40C,off
11/30/2022 08:11:22,Chamber 1,28-031662211eff,22.375,T257,40C,off
11/30/2022 08:11:42,Chamber 1,28-031662211eff,22.375,T257,40C,off
11/30/2022 08:12:02,Chamber 1,28-031662211eff,22.375,T257,40C,off
11/30/2022 08:12:22,Chamber 1,28-031662211eff,22.375,T257,40C,off
11/30/2022 08:12:42,Chamber 1,28-031662211eff,22.375,T257,40C,off
11/30/2022 08:13:02,Chamber 1,28-031662211eff,22.375,T257,40C,off
11/30/2022 08:13:22,Chamber 1,28-031662211eff,22.375,T257,40C,off
11/30/2022 08:13:42,Chamber 1,28-031662211eff,22.375,T257,40C,off
11/30/2022 08:14:02,Chamber 1,28-031662211eff,22.375,T257,40C,off
11/30/2022 08:14:22,Chamber 1,28-031662211eff,22.375,T257,40C,off
11/30/2022 08:14:42,Chamber 1,28-031662211eff,22.375,T257,40C,off
11/30/2022 08:15:02,Chamber 1,28-031662211eff,22.375,T257,40C,off
11/30/2022 08:15:22,Chamber 1,28-031662211eff,22.375,T257,40C,off
11/30/2022 08:15:42,Chamber 1,28-031662211eff,22.375,T257,40C,off
11/30/2022 08:16:02,Chamber 1,28-031662211eff,22.375,T257,40C,off
11/30/2022 08:16:22,Chamber 1,28-031662211eff,22.375,T257,40C,off
11/30/2022 08:16:42,Chamber 1,28-031662211eff,22.375,T257,40C,off
11/30/2022 08:17:02,Chamber 1,28-031662211eff,22.375,T257,40C,off
11/30/2022 08:17:22,Chamber 1,28-031662211eff,22.375,T257,40C,off
11/30/2022 08:17:42,Chamber 1,28-031662211eff,22.375,T257,40C,off
11/30/2022 08:18:02,Chamber 1,28-031662211eff,22.375,T257,40C,off
11/30/2022 08:18:22,Chamber 1,28-031662211eff,22.375,T257,40C,off
11/30/2022 08:18:42,Chamber 1,28-031662211eff,22.375,T257,40C,off
11/30/2022 08:19:02,Chamber 1,28-031662211eff,22.375,T257,40C,off
11/30/2022 08:19:22,Chamber 1,28-031662211eff,22.375,T257,40C,off
11/30/2022 08:19:42,Chamber 1,28-031662211eff,22.375,T257,40C,off
11/30/2022 08:20:02,Chamber 1,28-031662211eff,22.375,T257,40C,off
11/30/2022 08:20:22,Chamber 1,28-031662211eff,22.375,T257,40C,off
11/30/2022 08:20:42,Chamber 1,28-031662211eff,22.375,T257,40C,off
11/30/2022 08:21:02,Chamber 1,28-031662211eff,22.375,T257,40C,off
11/30/2022 08:21:22,Chamber 1,28-031662211eff,22.375,T257,40C,off
11/30/2022 08:21:42,Chamber 1,28-031662211eff,22.375,T257,40C,off
11/30/2022 08:22:02,Chamber 1,28-031662211eff,22.375,T257,40C,off
11/30/2022 08:22:22,Chamber 1,28-031662211eff,22.375,T257,40C,off
11/30/2022 08:22:42,Chamber 1,28-031662211eff,22.375,T257,40C,off
11/30/2022 08:23:02,Chamber 1,28-031662211eff,22.437,T257,40C,off
11/30/2022 08:23:22,Chamber 1,28-031662211eff,22.437,T257,40C,off
11/30/2022 08:23:42,Chamber 1,28-031662211eff,22.375,T257,40C,off
11/30/2022 08:24:02,Chamber 1,28-031662211eff,22.375,T257,40C,off
11/30/2022 08:24:22,Chamber 1,28-031662211eff,22.437,T257,40C,off
11/30/2022 08:24:42,Chamber 1,28-031662211eff,22.437,T257,40C,off
11/30/2022 08:25:02,Chamber 1,28-031662211eff,22.375,T257,40C,off
11/30/2022 08:25:22,Chamber 1,28-031662211eff,22.437,T257,40C,off
11/30/2022 08:25:42,Chamber 1,28-031662211eff,22.437,T257,40C,off
11/30/2022 08:26:02,Chamber 1,28-031662211eff,22.375,T257,40C,off
11/30/2022 08:26:22,Chamber 1,28-031662211eff,22.375,T257,40C,off
11/30/2022 08:26:42,Chamber 1,28-031662211eff,22.437,T257,40C,off
11/30/2022 08:27:02,Chamber 1,28-031662211eff,22.437,T257,40C,off
11/30/2022 08:27:22,Chamber 1,28-031662211eff,22.437,T257,40C,off
11/30/2022 08:27:42,Chamber 1,28-031662211eff,22.375,T257,40C,off
11/30/2022 08:28:02,Chamber 1,28-031662211eff,22.437,T257,40C,off
11/30/2022 08:28:22,Chamber 1,28-031662211eff,22.437,T257,40C,off
11/30/2022 08:28:42,Chamber 1,28-031662211eff,22.375,T257,40C,off
11/30/2022 08:29:02,Chamber 1,28-031662211eff,22.375,T257,40C,off
11/30/2022 08:29:22,Chamber 1,28-031662211eff,22.437,T257,40C,off
11/30/2022 08:29:42,Chamber 1,28-031662211eff,22.375,T257,40C,off
11/30/2022 08:30:02,Chamber 1,28-031662211eff,22.437,T257,40C,off
11/30/2022 08:30:22,Chamber 1,28-031662211eff,22.437,T257,40C,off
11/30/2022 08:30:42,Chamber 1,28-031662211eff,22.437,T257,40C,off
11/30/2022 08:31:02,Chamber 1,28-031662211eff,22.437,T257,40C,off
11/30/2022 08:31:22,Chamber 1,28-031662211eff,22.437,T257,40C,off
11/30/2022 08:31:42,Chamber 1,28-031662211eff,22.437,T257,40C,off
11/30/2022 08:32:02,Chamber 1,28-031662211eff,22.437,T257,40C,off
11/30/2022 08:32:22,Chamber 1,28-031662211eff,22.437,T257,40C,off
11/30/2022 08:32:42,Chamber 1,28-031662211eff,22.437,T257,40C,off
11/30/2022 08:33:02,Chamber 1,28-031662211eff,22.437,T257,40C,off
11/30/2022 08:33:22,Chamber 1,28-031662211eff,22.437,T257,40C,off
11/30/2022 08:33:42,Chamber 1,28-031662211eff,22.437,T257,40C,off
11/30/2022 08:34:02,Chamber 1,28-031662211eff,22.437,T257,40C,off
11/30/2022 08:34:22,Chamber 1,28-031662211eff,22.375,T257,40C,off
11/30/2022 08:34:42,Chamber 1,28-031662211eff,22.437,T257,40C,off
11/30/2022 08:35:02,Chamber 1,28-031662211eff,22.437,T257,40C,off
11/30/2022 08:35:22,Chamber 1,28-031662211eff,22.437,T257,40C,off
11/30/2022 08:35:42,Chamber 1,28-031662211eff,22.437,T257,40C,off
11/30/2022 08:36:02,Chamber 1,28-031662211eff,22.437,T257,40C,off
11/30/2022 08:36:22,Chamber 1,28-031662211eff,22.437,T257,40C,off
11/30/2022 08:36:42,Chamber 1,28-031662211eff,22.437,T257,40C,off
11/30/2022 08:37:02,Chamber 1,28-031662211eff,22.437,T257,40C,off
11/30/2022 08:37:22,Chamber 1,28-031662211eff,22.437,T257,40C,off
11/30/2022 08:37:42,Chamber 1,28-031662211eff,22.437,T257,40C,off
11/30/2022 08:38:02,Chamber 1,28-031662211eff,22.437,T257,40C,off
11/30/2022 08:38:22,Chamber 1,28-031662211eff,22.437,T257,40C,off
11/30/2022 08:38:42,Chamber 1,28-031662211eff,22.437,T257,40C,off
11/30/2022 08:39:02,Chamber 1,28-031662211eff,22.437,T257,40C,off
11/30/2022 08:39:22,Chamber 1,28-031662211eff,22.437,T257,40C,off
11/30/2022 08:39:42,Chamber 1,28-031662211eff,22.437,T257,40C,off
11/30/2022 08:40:02,Chamber 1,28-031662211eff,22.437,T257,40C,off
11/30/2022 08:40:22,Chamber 1,28-031662211eff,22.437,T257,40C,off
11/30/2022 08:40:42,Chamber 1,28-031662211eff,22.437,T257,40C,off
11/30/2022 08:41:02,Chamber 1,28-031662211eff,22.437,T257,40C,off
11/30/2022 08:41:22,Chamber 1,28-031662211eff,22.437,T257,40C,off
11/30/2022 08:41:42,Chamber 1,28-031662211eff,22.437,T257,40C,off
11/30/2022 08:42:02,Chamber 1,28-031662211eff,22.437,T257,40C,off
11/30/2022 08:42:22,Chamber 1,28-031662211eff,22.437,T257,40C,off
11/30/2022 08:42:42,Chamber 1,28-031662211eff,22.437,T257,40C,off
11/30/2022 08:43:02,Chamber 1,28-031662211eff,22.437,T257,40C,off
11/30/2022 08:43:22,Chamber 1,28-031662211eff,22.375,T257,40C,off
11/30/2022 08:43:42,Chamber 1,28-031662211eff,22.437,T257,40C,off
11/30/2022 08:44:02,Chamber 1,28-031662211eff,22.437,T257,40C,off
11/30/2022 08:44:22,Chamber 1,28-031662211eff,22.437,T257,40C,off
11/30/2022 08:44:42,Chamber 1,28-031662211eff,22.437,T257,40C,off
11/30/2022 08:45:02,Chamber 1,28-031662211eff,22.437,T257,40C,off
11/30/2022 08:45:22,Chamber 1,28-031662211eff,22.437,T257,40C,off
11/30/2022 08:45:42,Chamber 1,28-031662211eff,22.437,T257,40C,off
11/30/2022 08:46:02,Chamber 1,28-031662211eff,22.437,T257,40C,off
11/30/2022 08:46:22,Chamber 1,28-031662211eff,22.437,T257,40C,off
11/30/2022 08:46:42,Chamber 1,28-031662211eff,22.437,T257,40C,off
11/30/2022 08:47:02,Chamber 1,28-031662211eff,22.437,T257,40C,off
11/30/2022 08:47:22,Chamber 1,28-031662211eff,22.437,T257,40C,off
11/30/2022 08:47:42,Chamber 1,28-031662211eff,22.437,T257,40C,off
11/30/2022 08:48:02,Chamber 1,28-031662211eff,22.437,T257,40C,off
11/30/2022 08:48:22,Chamber 1,28-031662211eff,22.437,T257,40C,off
11/30/2022 08:48:42,Chamber 1,28-031662211eff,22.437,T257,40C,off
11/30/2022 08:49:02,Chamber 1,28-031662211eff,22.437,T257,40C,off
11/30/2022 08:49:22,Chamber 1,28-031662211eff,22.437,T257,40C,off
11/30/2022 08:49:42,Chamber 1,28-031662211eff,22.437,T257,40C,off
11/30/2022 08:50:02,Chamber 1,28-031662211eff,22.437,T257,40C,off
11/30/2022 08:50:22,Chamber 1,28-031662211eff,22.437,T257,40C,off
11/30/2022 08:50:42,Chamber 1,28-031662211eff,22.437,T257,40C,off
11/30/2022 08:51:02,Chamber 1,28-031662211eff,22.437,T257,40C,off
11/30/2022 08:51:22,Chamber 1,28-031662211eff,22.437,T257,40C,off
11/30/2022 08:51:42,Chamber 1,28-031662211eff,22.437,T257,40C,off
11/30/2022 08:52:02,Chamber 1,28-031662211eff,22.437,T257,40C,off
11/30/2022 08:52:22,Chamber 1,28-031662211eff,22.437,T257,40C,off
11/30/2022 08:52:42,Chamber 1,28-031662211eff,22.437,T257,40C,off
11/30/2022 08:53:02,Chamber 1,28-031662211eff,22.437,T257,40C,off
11/30/2022 08:53:22,Chamber 1,28-031662211eff,22.437,T257,40C,off
11/30/2022 08:53:42,Chamber 1,28-031662211eff,22.437,T257,40C,off
11/30/2022 08:54:02,Chamber 1,28-031662211eff,22.437,T257,40C,off
11/30/2022 08:54:22,Chamber 1,28-031662211eff,22.437,T257,40C,off
11/30/2022 08:54:42,Chamber 1,28-031662211eff,22.437,T257,40C,off
11/30/2022 08:55:02,Chamber 1,28-031662211eff,22.437,T257,40C,off
11/30/2022 08:55:22,Chamber 1,28-031662211eff,22.437,T257,40C,off
11/30/2022 08:55:42,Chamber 1,28-031662211eff,22.437,T257,40C,off
11/30/2022 08:56:02,Chamber 1,28-031662211eff,22.437,T257,40C,off
11/30/2022 08:56:22,Chamber 1,28-031662211eff,22.437,T257,40C,off
11/30/2022 08:56:42,Chamber 1,28-031662211eff,22.437,T257,40C,off
11/30/2022 08:57:02,Chamber 1,28-031662211eff,22.437,T257,40C,off
11/30/2022 08:57:22,Chamber 1,28-031662211eff,22.437,T257,40C,off
11/30/2022 08:57:42,Chamber 1,28-031662211eff,22.437,T257,40C,off
11/30/2022 08:58:02,Chamber 1,28-031662211eff,22.437,T257,40C,off
11/30/2022 08:58:22,Chamber 1,28-031662211eff,22.437,T257,40C,off
11/30/2022 08:58:42,Chamber 1,28-031662211eff,22.437,T257,40C,off
11/30/2022 08:59:02,Chamber 1,28-031662211eff,22.437,T257,40C,off
11/30/2022 08:59:22,Chamber 1,28-031662211eff,22.437,T257,40C,off
11/30/2022 08:59:42,Chamber 1,28-031662211eff,22.437,T257,40C,off
11/30/2022 09:00:03,Chamber 1,28-031662211eff,22.437,T257,40C,off
11/30/2022 09:00:23,Chamber 1,28-031662211eff,22.437,T257,40C,off
11/30/2022 09:00:43,Chamber 1,28-031662211eff,22.437,T257,40C,off
11/30/2022 09:01:03,Chamber 1,28-031662211eff,22.437,T257,40C,off
11/30/2022 09:01:23,Chamber 1,28-031662211eff,22.437,T257,40C,off
11/30/2022 09:01:43,Chamber 1,28-031662211eff,22.437,T257,40C,off
11/30/2022 09:02:03,Chamber 1,28-031662211eff,22.437,T257,40C,off
11/30/2022 09:02:23,Chamber 1,28-031662211eff,22.437,T257,40C,off
11/30/2022 09:02:43,Chamber 1,28-031662211eff,22.437,T257,40C,off
11/30/2022 09:03:03,Chamber 1,28-031662211eff,22.437,T257,40C,off
11/30/2022 09:03:23,Chamber 1,28-031662211eff,22.437,T257,40C,off
11/30/2022 09:03:43,Chamber 1,28-031662211eff,22.437,T257,40C,off
11/30/2022 09:04:03,Chamber 1,28-031662211eff,22.437,T257,40C,off
11/30/2022 09:04:23,Chamber 1,28-031662211eff,22.437,T257,40C,off
11/30/2022 09:04:43,Chamber 1,28-031662211eff,22.437,T257,40C,off
11/30/2022 09:05:03,Chamber 1,28-031662211eff,22.437,T257,40C,off
11/30/2022 09:05:23,Chamber 1,28-031662211eff,22.437,T257,40C,off
11/30/2022 09:05:43,Chamber 1,28-031662211eff,22.437,T257,40C,off
11/30/2022 09:06:03,Chamber 1,28-031662211eff,22.437,T257,40C,off
11/30/2022 09:06:23,Chamber 1,28-031662211eff,22.437,T257,40C,off
11/30/2022 09:06:43,Chamber 1,28-031662211eff,22.437,T257,40C,off
11/30/2022 09:07:03,Chamber 1,28-031662211eff,22.437,T257,40C,off
11/30/2022 09:07:23,Chamber 1,28-031662211eff,22.437,T257,40C,off
11/30/2022 09:07:43,Chamber 1,28-031662211eff,22.437,T257,40C,off
11/30/2022 09:08:03,Chamber 1,28-031662211eff,22.437,T257,40C,off
11/30/2022 09:08:23,Chamber 1,28-031662211eff,22.437,T257,40C,off
11/30/2022 09:08:43,Chamber 1,28-031662211eff,22.437,T257,40C,off
11/30/2022 09:09:03,Chamber 1,28-031662211eff,22.437,T257,40C,off
11/30/2022 09:09:23,Chamber 1,28-031662211eff,22.437,T257,40C,off
11/30/2022 09:09:43,Chamber 1,28-031662211eff,22.437,T257,40C,off
11/30/2022 09:10:03,Chamber 1,28-031662211eff,22.437,T257,40C,off
11/30/2022 09:10:23,Chamber 1,28-031662211eff,22.437,T257,40C,off
11/30/2022 09:10:43,Chamber 1,28-031662211eff,22.437,T257,40C,off
11/30/2022 09:11:03,Chamber 1,28-031662211eff,22.437,T257,40C,off
11/30/2022 09:11:23,Chamber 1,28-031662211eff,22.437,T257,40C,off
11/30/2022 09:11:43,Chamber 1,28-031662211eff,22.437,T257,40C,off
11/30/2022 09:12:03,Chamber 1,28-031662211eff,22.437,T257,40C,off
11/30/2022 09:12:23,Chamber 1,28-031662211eff,22.437,T257,40C,off
11/30/2022 09:12:43,Chamber 1,28-031662211eff,22.437,T257,40C,off
11/30/2022 09:13:03,Chamber 1,28-031662211eff,22.437,T257,40C,off
11/30/2022 09:13:23,Chamber 1,28-031662211eff,22.437,T257,40C,off
11/30/2022 09:13:43,Chamber 1,28-031662211eff,22.437,T257,40C,off
11/30/2022 09:14:03,Chamber 1,28-031662211eff,22.437,T257,40C,off
11/30/2022 09:14:23,Chamber 1,28-031662211eff,22.437,T257,40C,off
11/30/2022 09:14:43,Chamber 1,28-031662211eff,22.437,T257,40C,off
11/30/2022 09:15:03,Chamber 1,28-031662211eff,22.437,T257,40C,off
11/30/2022 09:15:23,Chamber 1,28-031662211eff,22.437,T257,40C,off
11/30/2022 09:15:43,Chamber 1,28-031662211eff,22.437,T257,40C,off
11/30/2022 09:16:03,Chamber 1,28-031662211eff,22.437,T257,40C,off
11/30/2022 09:16:23,Chamber 1,28-031662211eff,22.437,T257,40C,off
11/30/2022 09:16:43,Chamber 1,28-031662211eff,22.437,T257,40C,off
11/30/2022 09:17:03,Chamber 1,28-031662211eff,22.437,T257,40C,off
11/30/2022 09:17:23,Chamber 1,28-031662211eff,22.437,T257,40C,off
11/30/2022 09:17:43,Chamber 1,28-031662211eff,22.437,T257,40C,off
11/30/2022 09:18:03,Chamber 1,28-031662211eff,22.437,T257,40C,off
11/30/2022 09:18:23,Chamber 1,28-031662211eff,22.437,T257,40C,off
11/30/2022 09:18:43,Chamber 1,28-031662211eff,22.437,T257,40C,off
11/30/2022 09:19:03,Chamber 1,28-031662211eff,22.437,T257,40C,off
11/30/2022 09:19:23,Chamber 1,28-031662211eff,22.437,T257,40C,off
11/30/2022 09:19:43,Chamber 1,28-031662211eff,22.437,T257,40C,off
11/30/2022 09:20:03,Chamber 1,28-031662211eff,22.437,T257,40C,off
11/30/2022 09:20:23,Chamber 1,28-031662211eff,22.437,T257,40C,off
11/30/2022 09:20:43,Chamber 1,28-031662211eff,22.437,T257,40C,off
11/30/2022 09:21:03,Chamber 1,28-031662211eff,22.437,T257,40C,off
11/30/2022 09:21:23,Chamber 1,28-031662211eff,22.437,T257,40C,off
11/30/2022 09:21:43,Chamber 1,28-031662211eff,22.437,T257,40C,off
11/30/2022 09:22:03,Chamber 1,28-031662211eff,22.437,T257,40C,off
11/30/2022 09:22:23,Chamber 1,28-031662211eff,22.437,T257,40C,off
11/30/2022 09:22:43,Chamber 1,28-031662211eff,22.437,T257,40C,off
11/30/2022 09:23:03,Chamber 1,28-031662211eff,22.437,T257,40C,off
11/30/2022 09:23:23,Chamber 1,28-031662211eff,22.437,T257,40C,off
11/30/2022 09:23:43,Chamber 1,28-031662211eff,22.437,T257,40C,off
11/30/2022 09:24:03,Chamber 1,28-031662211eff,22.437,T257,40C,off
11/30/2022 09:24:23,Chamber 1,28-031662211eff,22.437,T257,40C,off
11/30/2022 09:24:43,Chamber 1,28-031662211eff,22.437,T257,40C,off
11/30/2022 09:25:03,Chamber 1,28-031662211eff,22.437,T257,40C,off
11/30/2022 09:25:23,Chamber 1,28-031662211eff,22.437,T257,40C,off
11/30/2022 09:25:43,Chamber 1,28-031662211eff,22.437,T257,40C,off
11/30/2022 09:26:03,Chamber 1,28-031662211eff,22.437,T257,40C,off
11/30/2022 09:26:23,Chamber 1,28-031662211eff,22.437,T257,40C,off
11/30/2022 09:26:43,Chamber 1,28-031662211eff,22.437,T257,40C,off
11/30/2022 09:27:03,Chamber 1,28-031662211eff,22.5,T257,40C,off
11/30/2022 09:27:23,Chamber 1,28-031662211eff,22.437,T257,40C,off
11/30/2022 09:27:43,Chamber 1,28-031662211eff,22.437,T257,40C,off
11/30/2022 09:28:03,Chamber 1,28-031662211eff,22.437,T257,40C,off
11/30/2022 09:28:23,Chamber 1,28-031662211eff,22.437,T257,40C,off
11/30/2022 09:28:43,Chamber 1,28-031662211eff,22.437,T257,40C,off
11/30/2022 09:29:03,Chamber 1,28-031662211eff,22.437,T257,40C,off
11/30/2022 09:29:23,Chamber 1,28-031662211eff,22.437,T257,40C,off
11/30/2022 09:29:43,Chamber 1,28-031662211eff,22.437,T257,40C,off
11/30/2022 09:30:03,Chamber 1,28-031662211eff,22.437,T257,40C,off
11/30/2022 09:30:23,Chamber 1,28-031662211eff,22.437,T257,40C,off
11/30/2022 09:30:43,Chamber 1,28-031662211eff,22.5,T257,40C,off
11/30/2022 09:31:03,Chamber 1,28-031662211eff,22.437,T257,40C,off
11/30/2022 09:31:23,Chamber 1,28-031662211eff,22.437,T257,40C,off
11/30/2022 09:31:43,Chamber 1,28-031662211eff,22.437,T257,40C,off
11/30/2022 09:32:03,Chamber 1,28-031662211eff,22.437,T257,40C,off
11/30/2022 09:32:23,Chamber 1,28-031662211eff,22.437,T257,40C,off
11/30/2022 09:32:43,Chamber 1,28-031662211eff,22.437,T257,40C,off
11/30/2022 09:33:03,Chamber 1,28-031662211eff,22.437,T257,40C,off
11/30/2022 09:33:23,Chamber 1,28-031662211eff,22.437,T257,40C,off
11/30/2022 09:33:43,Chamber 1,28-031662211eff,22.437,T257,40C,off
11/30/2022 09:34:03,Chamber 1,28-031662211eff,22.437,T257,40C,off
11/30/2022 09:34:23,Chamber 1,28-031662211eff,22.437,T257,40C,off
11/30/2022 09:34:43,Chamber 1,28-031662211eff,22.5,T257,40C,off
11/30/2022 09:35:03,Chamber 1,28-031662211eff,22.437,T257,40C,off
11/30/2022 09:35:23,Chamber 1,28-031662211eff,22.437,T257,40C,off
11/30/2022 09:35:43,Chamber 1,28-031662211eff,22.437,T257,40C,off
11/30/2022 09:36:03,Chamber 1,28-031662211eff,22.437,T257,40C,off
11/30/2022 09:36:23,Chamber 1,28-031662211eff,22.437,T257,40C,off
11/30/2022 09:36:43,Chamber 1,28-031662211eff,22.5,T257,40C,off
11/30/2022 09:37:03,Chamber 1,28-031662211eff,22.437,T257,40C,off
11/30/2022 09:37:23,Chamber 1,28-031662211eff,22.437,T257,40C,off
11/30/2022 09:37:43,Chamber 1,28-031662211eff,22.437,T257,40C,off
11/30/2022 09:38:03,Chamber 1,28-031662211eff,22.437,T257,40C,off
11/30/2022 09:38:23,Chamber 1,28-031662211eff,22.437,T257,40C,off
11/30/2022 09:38:43,Chamber 1,28-031662211eff,22.437,T257,40C,off
11/30/2022 09:39:03,Chamber 1,28-031662211eff,22.437,T257,40C,off
11/30/2022 09:39:23,Chamber 1,28-031662211eff,22.437,T257,40C,off
11/30/2022 09:39:43,Chamber 1,28-031662211eff,22.437,T257,40C,off
11/30/2022 09:40:03,Chamber 1,28-031662211eff,22.437,T257,40C,off
11/30/2022 09:40:23,Chamber 1,28-031662211eff,22.5,T257,40C,off
11/30/2022 09:40:43,Chamber 1,28-031662211eff,22.5,T257,40C,off
11/30/2022 09:41:03,Chamber 1,28-031662211eff,22.437,T257,40C,off
11/30/2022 09:41:23,Chamber 1,28-031662211eff,22.437,T257,40C,off
11/30/2022 09:41:43,Chamber 1,28-031662211eff,22.437,T257,40C,off
11/30/2022 09:42:03,Chamber 1,28-031662211eff,22.437,T257,40C,off
11/30/2022 09:42:23,Chamber 1,28-031662211eff,22.437,T257,40C,off
11/30/2022 09:42:43,Chamber 1,28-031662211eff,22.437,T257,40C,off
11/30/2022 09:43:03,Chamber 1,28-031662211eff,22.437,T257,40C,off
11/30/2022 09:43:23,Chamber 1,28-031662211eff,22.437,T257,40C,off
11/30/2022 09:43:43,Chamber 1,28-031662211eff,22.437,T257,40C,off
11/30/2022 09:44:03,Chamber 1,28-031662211eff,22.437,T257,40C,off
11/30/2022 09:44:23,Chamber 1,28-031662211eff,22.437,T257,40C,off
11/30/2022 09:44:43,Chamber 1,28-031662211eff,22.437,T257,40C,off
11/30/2022 09:45:03,Chamber 1,28-031662211eff,22.5,T257,40C,off
11/30/2022 09:45:23,Chamber 1,28-031662211eff,22.437,T257,40C,off
11/30/2022 09:45:43,Chamber 1,28-031662211eff,22.5,T257,40C,off
11/30/2022 09:46:03,Chamber 1,28-031662211eff,22.5,T257,40C,off
11/30/2022 09:46:23,Chamber 1,28-031662211eff,22.5,T257,40C,off
11/30/2022 09:46:43,Chamber 1,28-031662211eff,22.437,T257,40C,off
11/30/2022 09:47:03,Chamber 1,28-031662211eff,22.5,T257,40C,off
11/30/2022 09:47:23,Chamber 1,28-031662211eff,22.5,T257,40C,off
11/30/2022 09:47:43,Chamber 1,28-031662211eff,22.437,T257,40C,off
11/30/2022 09:48:03,Chamber 1,28-031662211eff,22.437,T257,40C,off
11/30/2022 09:48:23,Chamber 1,28-031662211eff,22.5,T257,40C,off
11/30/2022 09:48:43,Chamber 1,28-031662211eff,22.437,T257,40C,off
11/30/2022 09:49:03,Chamber 1,28-031662211eff,22.5,T257,40C,off
11/30/2022 09:49:23,Chamber 1,28-031662211eff,22.437,T257,40C,off
11/30/2022 09:49:43,Chamber 1,28-031662211eff,22.5,T257,40C,off
11/30/2022 09:50:03,Chamber 1,28-031662211eff,22.437,T257,40C,off
11/30/2022 09:50:23,Chamber 1,28-031662211eff,22.437,T257,40C,off
11/30/2022 09:50:43,Chamber 1,28-031662211eff,22.437,T257,40C,off
11/30/2022 09:51:03,Chamber 1,28-031662211eff,22.5,T257,40C,off
11/30/2022 09:51:23,Chamber 1,28-031662211eff,22.5,T257,40C,off
11/30/2022 09:51:43,Chamber 1,28-031662211eff,22.5,T257,40C,off
11/30/2022 09:52:03,Chamber 1,28-031662211eff,22.437,T257,40C,off
11/30/2022 09:52:23,Chamber 1,28-031662211eff,22.437,T257,40C,off
11/30/2022 09:52:43,Chamber 1,28-031662211eff,22.437,T257,40C,off
11/30/2022 09:53:03,Chamber 1,28-031662211eff,22.437,T257,40C,off
11/30/2022 09:53:23,Chamber 1,28-031662211eff,22.437,T257,40C,off
11/30/2022 09:53:43,Chamber 1,28-031662211eff,22.437,T257,40C,off
11/30/2022 09:54:03,Chamber 1,28-031662211eff,22.5,T257,40C,off
11/30/2022 09:54:23,Chamber 1,28-031662211eff,22.437,T257,40C,off
11/30/2022 09:54:43,Chamber 1,28-031662211eff,22.5,T257,40C,off
11/30/2022 09:55:03,Chamber 1,28-031662211eff,22.5,T257,40C,off
11/30/2022 09:55:23,Chamber 1,28-031662211eff,22.437,T257,40C,off
11/30/2022 09:55:43,Chamber 1,28-031662211eff,22.5,T257,40C,off
11/30/2022 09:56:03,Chamber 1,28-031662211eff,22.437,T257,40C,off
11/30/2022 09:56:23,Chamber 1,28-031662211eff,22.5,T257,40C,off
11/30/2022 09:56:43,Chamber 1,28-031662211eff,22.437,T257,40C,off
11/30/2022 09:57:03,Chamber 1,28-031662211eff,22.437,T257,40C,off
11/30/2022 09:57:23,Chamber 1,28-031662211eff,22.437,T257,40C,off
11/30/2022 09:57:43,Chamber 1,28-031662211eff,22.5,T257,40C,off
11/30/2022 09:58:03,Chamber 1,28-031662211eff,22.437,T257,40C,off
11/30/2022 09:58:23,Chamber 1,28-031662211eff,22.5,T257,40C,off
11/30/2022 09:58:43,Chamber 1,28-031662211eff,22.437,T257,40C,off
11/30/2022 09:59:03,Chamber 1,28-031662211eff,22.437,T257,40C,off
11/30/2022 09:59:23,Chamber 1,28-031662211eff,22.5,T257,40C,off
11/30/2022 09:59:43,Chamber 1,28-031662211eff,22.437,T257,40C,off
11/30/2022 10:00:02,Chamber 1,28-031662211eff,22.437,T257,40C,off
11/30/2022 10:00:22,Chamber 1,28-031662211eff,22.5,T257,40C,off
11/30/2022 10:00:42,Chamber 1,28-031662211eff,22.437,T257,40C,off
11/30/2022 10:01:02,Chamber 1,28-031662211eff,22.437,T257,40C,off
11/30/2022 10:01:22,Chamber 1,28-031662211eff,22.437,T257,40C,off
11/30/2022 10:01:42,Chamber 1,28-031662211eff,22.5,T257,40C,off
11/30/2022 10:02:02,Chamber 1,28-031662211eff,22.437,T257,40C,off
11/30/2022 10:02:22,Chamber 1,28-031662211eff,22.5,T257,40C,off
11/30/2022 10:02:42,Chamber 1,28-031662211eff,22.437,T257,40C,off
11/30/2022 10:03:02,Chamber 1,28-031662211eff,22.437,T257,40C,off
11/30/2022 10:03:23,Chamber 1,28-031662211eff,22.5,T257,40C,off
11/30/2022 10:03:42,Chamber 1,28-031662211eff,22.5,T257,40C,off
11/30/2022 10:04:03,Chamber 1,28-031662211eff,22.5,T257,40C,off
11/30/2022 10:04:22,Chamber 1,28-031662211eff,22.5,T257,40C,off
11/30/2022 10:04:42,Chamber 1,28-031662211eff,22.5,T257,40C,off
11/30/2022 10:05:02,Chamber 1,28-031662211eff,22.437,T257,40C,off
11/30/2022 10:05:22,Chamber 1,28-031662211eff,22.437,T257,40C,off
11/30/2022 10:05:42,Chamber 1,28-031662211eff,22.5,T257,40C,off
11/30/2022 10:06:02,Chamber 1,28-031662211eff,22.437,T257,40C,off
11/30/2022 10:06:22,Chamber 1,28-031662211eff,22.437,T257,40C,off
11/30/2022 10:06:42,Chamber 1,28-031662211eff,22.437,T257,40C,off
11/30/2022 10:07:02,Chamber 1,28-031662211eff,22.5,T257,40C,off
11/30/2022 10:07:22,Chamber 1,28-031662211eff,22.5,T257,40C,off
11/30/2022 10:07:42,Chamber 1,28-031662211eff,22.437,T257,40C,off
11/30/2022 10:08:02,Chamber 1,28-031662211eff,22.5,T257,40C,off
11/30/2022 10:08:22,Chamber 1,28-031662211eff,22.437,T257,40C,off
11/30/2022 10:08:42,Chamber 1,28-031662211eff,22.437,T257,40C,off
11/30/2022 10:09:02,Chamber 1,28-031662211eff,22.437,T257,40C,off
11/30/2022 10:09:22,Chamber 1,28-031662211eff,22.437,T257,40C,off
11/30/2022 10:09:42,Chamber 1,28-031662211eff,22.437,T257,40C,off
11/30/2022 10:10:02,Chamber 1,28-031662211eff,22.437,T257,40C,off
11/30/2022 10:10:22,Chamber 1,28-031662211eff,22.437,T257,40C,off
11/30/2022 10:10:42,Chamber 1,28-031662211eff,22.437,T257,40C,off
11/30/2022 10:11:02,Chamber 1,28-031662211eff,22.5,T257,40C,off
11/30/2022 10:11:22,Chamber 1,28-031662211eff,22.437,T257,40C,off
11/30/2022 10:11:42,Chamber 1,28-031662211eff,22.5,T257,40C,off
11/30/2022 10:12:02,Chamber 1,28-031662211eff,22.437,T257,40C,off
11/30/2022 10:12:22,Chamber 1,28-031662211eff,22.437,T257,40C,off
11/30/2022 10:12:42,Chamber 1,28-031662211eff,22.437,T257,40C,off
11/30/2022 10:13:02,Chamber 1,28-031662211eff,22.5,T257,40C,off
11/30/2022 10:13:22,Chamber 1,28-031662211eff,22.437,T257,40C,off
11/30/2022 10:13:42,Chamber 1,28-031662211eff,22.437,T257,40C,off
11/30/2022 10:14:02,Chamber 1,28-031662211eff,22.437,T257,40C,off
11/30/2022 10:14:22,Chamber 1,28-031662211eff,22.5,T257,40C,off
11/30/2022 10:14:42,Chamber 1,28-031662211eff,22.437,T257,40C,off
11/30/2022 10:15:02,Chamber 1,28-031662211eff,22.5,T257,40C,off
11/30/2022 10:15:22,Chamber 1,28-031662211eff,22.437,T257,40C,off
11/30/2022 10:15:43,Chamber 1,28-031662211eff,22.5,T257,40C,off
11/30/2022 10:16:02,Chamber 1,28-031662211eff,22.5,T257,40C,off
11/30/2022 10:16:22,Chamber 1,28-031662211eff,22.5,T257,40C,off
11/30/2022 10:16:42,Chamber 1,28-031662211eff,22.5,T257,40C,off
11/30/2022 10:17:02,Chamber 1,28-031662211eff,22.437,T257,40C,off
11/30/2022 10:17:22,Chamber 1,28-031662211eff,22.5,T257,40C,off
11/30/2022 10:17:42,Chamber 1,28-031662211eff,22.5,T257,40C,off
11/30/2022 10:18:02,Chamber 1,28-031662211eff,22.437,T257,40C,off
11/30/2022 10:18:22,Chamber 1,28-031662211eff,22.5,T257,40C,off
11/30/2022 10:18:42,Chamber 1,28-031662211eff,22.437,T257,40C,off
11/30/2022 10:19:02,Chamber 1,28-031662211eff,22.437,T257,40C,off
11/30/2022 10:19:22,Chamber 1,28-031662211eff,22.437,T257,40C,off
11/30/2022 10:19:42,Chamber 1,28-031662211eff,22.437,T257,40C,off
11/30/2022 10:20:02,Chamber 1,28-031662211eff,22.5,T257,40C,off
11/30/2022 10:20:22,Chamber 1,28-031662211eff,22.437,T257,40C,off
11/30/2022 10:20:42,Chamber 1,28-031662211eff,22.5,T257,40C,off
11/30/2022 10:21:02,Chamber 1,28-031662211eff,22.5,T257,40C,off
11/30/2022 10:21:22,Chamber 1,28-031662211eff,22.5,T257,40C,off
11/30/2022 10:21:42,Chamber 1,28-031662211eff,22.437,T257,40C,off
11/30/2022 10:22:02,Chamber 1,28-031662211eff,22.5,T257,40C,off
11/30/2022 10:22:22,Chamber 1,28-031662211eff,22.437,T257,40C,off
11/30/2022 10:22:43,Chamber 1,28-031662211eff,22.5,T257,40C,off
11/30/2022 10:23:03,Chamber 1,28-031662211eff,22.5,T257,40C,off
11/30/2022 10:23:22,Chamber 1,28-031662211eff,22.437,T257,40C,off
11/30/2022 10:23:42,Chamber 1,28-031662211eff,22.437,T257,40C,off
11/30/2022 10:24:02,Chamber 1,28-031662211eff,22.437,T257,40C,off
11/30/2022 10:24:22,Chamber 1,28-031662211eff,22.437,T257,40C,off
11/30/2022 10:24:42,Chamber 1,28-031662211eff,22.437,T257,40C,off
11/30/2022 10:25:03,Chamber 1,28-031662211eff,22.5,T257,40C,off
11/30/2022 10:25:22,Chamber 1,28-031662211eff,22.437,T257,40C,off
11/30/2022 10:25:42,Chamber 1,28-031662211eff,22.437,T257,40C,off
11/30/2022 10:26:02,Chamber 1,28-031662211eff,22.437,T257,40C,off
11/30/2022 10:26:22,Chamber 1,28-031662211eff,22.437,T257,40C,off
11/30/2022 10:26:42,Chamber 1,28-031662211eff,22.437,T257,40C,off
11/30/2022 10:27:02,Chamber 1,28-031662211eff,22.437,T257,40C,off
11/30/2022 10:27:22,Chamber 1,28-031662211eff,22.437,T257,40C,off
11/30/2022 10:27:42,Chamber 1,28-031662211eff,22.437,T257,40C,off
11/30/2022 10:28:02,Chamber 1,28-031662211eff,22.437,T257,40C,off
11/30/2022 10:28:22,Chamber 1,28-031662211eff,22.437,T257,40C,off
11/30/2022 10:28:42,Chamber 1,28-031662211eff,22.5,T257,40C,off
11/30/2022 10:29:02,Chamber 1,28-031662211eff,22.437,T257,40C,off
11/30/2022 10:29:22,Chamber 1,28-031662211eff,22.437,T257,40C,off
11/30/2022 10:29:42,Chamber 1,28-031662211eff,22.437,T257,40C,off
11/30/2022 10:30:02,Chamber 1,28-031662211eff,22.437,T257,40C,off
11/30/2022 10:30:22,Chamber 1,28-031662211eff,22.437,T257,40C,off
11/30/2022 10:30:42,Chamber 1,28-031662211eff,22.437,T257,40C,off
11/30/2022 10:31:02,Chamber 1,28-031662211eff,22.437,T257,40C,off
11/30/2022 10:31:22,Chamber 1,28-031662211eff,22.437,T257,40C,off
11/30/2022 10:31:42,Chamber 1,28-031662211eff,22.5,T257,40C,off
11/30/2022 10:32:02,Chamber 1,28-031662211eff,22.5,T257,40C,off
11/30/2022 10:32:22,Chamber 1,28-031662211eff,22.437,T257,40C,off
11/30/2022 10:32:42,Chamber 1,28-031662211eff,22.437,T257,40C,off
11/30/2022 10:33:02,Chamber 1,28-031662211eff,22.437,T257,40C,off
11/30/2022 10:33:22,Chamber 1,28-031662211eff,22.437,T257,40C,off
11/30/2022 10:33:42,Chamber 1,28-031662211eff,22.437,T257,40C,off
11/30/2022 10:34:02,Chamber 1,28-031662211eff,22.437,T257,40C,off
11/30/2022 10:34:23,Chamber 1,28-031662211eff,22.5,T257,40C,off
11/30/2022 10:34:42,Chamber 1,28-031662211eff,22.437,T257,40C,off
11/30/2022 10:35:02,Chamber 1,28-031662211eff,22.437,T257,40C,off
11/30/2022 10:35:22,Chamber 1,28-031662211eff,22.437,T257,40C,off
11/30/2022 10:35:42,Chamber 1,28-031662211eff,22.437,T257,40C,off
11/30/2022 10:36:02,Chamber 1,28-031662211eff,22.437,T257,40C,off
11/30/2022 10:36:22,Chamber 1,28-031662211eff,22.437,T257,40C,off
11/30/2022 10:36:42,Chamber 1,28-031662211eff,22.437,T257,40C,off
11/30/2022 10:37:02,Chamber 1,28-031662211eff,22.437,T257,40C,off
11/30/2022 10:37:22,Chamber 1,28-031662211eff,22.437,T257,40C,off
11/30/2022 10:37:42,Chamber 1,28-031662211eff,22.437,T257,40C,off
11/30/2022 10:38:02,Chamber 1,28-031662211eff,22.437,T257,40C,off
11/30/2022 10:38:22,Chamber 1,28-031662211eff,22.437,T257,40C,off
11/30/2022 10:38:42,Chamber 1,28-031662211eff,22.437,T257,40C,off
11/30/2022 10:39:02,Chamber 1,28-031662211eff,22.437,T257,40C,off
11/30/2022 10:39:22,Chamber 1,28-031662211eff,22.437,T257,40C,off
11/30/2022 10:39:42,Chamber 1,28-031662211eff,22.437,T257,40C,off
11/30/2022 10:40:02,Chamber 1,28-031662211eff,22.437,T257,40C,off
11/30/2022 10:40:22,Chamber 1,28-031662211eff,22.437,T257,40C,off
11/30/2022 10:40:42,Chamber 1,28-031662211eff,22.437,T257,40C,off
11/30/2022 10:41:02,Chamber 1,28-031662211eff,22.437,T257,40C,off
11/30/2022 10:41:22,Chamber 1,28-031662211eff,22.437,T257,40C,off
11/30/2022 10:41:42,Chamber 1,28-031662211eff,22.437,T257,40C,off
11/30/2022 10:42:02,Chamber 1,28-031662211eff,22.437,T257,40C,off
11/30/2022 10:42:22,Chamber 1,28-031662211eff,22.437,T257,40C,off
11/30/2022 10:42:42,Chamber 1,28-031662211eff,22.437,T257,40C,off
11/30/2022 10:43:02,Chamber 1,28-031662211eff,22.437,T257,40C,off
11/30/2022 10:43:22,Chamber 1,28-031662211eff,22.437,T257,40C,off
11/30/2022 10:43:42,Chamber 1,28-031662211eff,22.437,T257,40C,off
11/30/2022 10:44:02,Chamber 1,28-031662211eff,22.437,T257,40C,off
11/30/2022 10:44:22,Chamber 1,28-031662211eff,22.437,T257,40C,off
11/30/2022 10:44:42,Chamber 1,28-031662211eff,22.437,T257,40C,off
11/30/2022 10:45:02,Chamber 1,28-031662211eff,22.437,T257,40C,off
11/30/2022 10:45:22,Chamber 1,28-031662211eff,22.437,T257,40C,off
11/30/2022 10:45:42,Chamber 1,28-031662211eff,22.437,T257,40C,off
11/30/2022 10:46:02,Chamber 1,28-031662211eff,22.437,T257,40C,off
11/30/2022 10:46:22,Chamber 1,28-031662211eff,22.437,T257,40C,off
11/30/2022 10:46:43,Chamber 1,28-031662211eff,22.437,T257,40C,off
11/30/2022 10:47:04,Chamber 1,28-031662211eff,22.437,T257,40C,off
11/30/2022 10:47:22,Chamber 1,28-031662211eff,22.437,T257,40C,off
11/30/2022 10:47:42,Chamber 1,28-031662211eff,22.437,T257,40C,off
11/30/2022 10:48:02,Chamber 1,28-031662211eff,22.437,T257,40C,off
11/30/2022 10:48:22,Chamber 1,28-031662211eff,22.437,T257,40C,off
11/30/2022 10:48:42,Chamber 1,28-031662211eff,22.437,T257,40C,off
11/30/2022 10:49:02,Chamber 1,28-031662211eff,22.437,T257,40C,off
11/30/2022 10:49:22,Chamber 1,28-031662211eff,22.437,T257,40C,off
11/30/2022 10:49:42,Chamber 1,28-031662211eff,22.437,T257,40C,off
11/30/2022 10:50:02,Chamber 1,28-031662211eff,22.437,T257,40C,off
11/30/2022 10:50:22,Chamber 1,28-031662211eff,22.437,T257,40C,off
11/30/2022 10:50:42,Chamber 1,28-031662211eff,22.437,T257,40C,off
11/30/2022 10:51:02,Chamber 1,28-031662211eff,22.437,T257,40C,off
11/30/2022 10:51:22,Chamber 1,28-031662211eff,22.437,T257,40C,off
11/30/2022 10:51:43,Chamber 1,28-031662211eff,22.437,T257,40C,off
11/30/2022 10:52:02,Chamber 1,28-031662211eff,22.437,T257,40C,off
11/30/2022 10:52:22,Chamber 1,28-031662211eff,22.437,T257,40C,off
11/30/2022 10:52:42,Chamber 1,28-031662211eff,22.437,T257,40C,off
11/30/2022 10:53:02,Chamber 1,28-031662211eff,22.437,T257,40C,off
11/30/2022 10:53:22,Chamber 1,28-031662211eff,22.437,T257,40C,off
11/30/2022 10:53:42,Chamber 1,28-031662211eff,22.437,T257,40C,off
11/30/2022 10:54:02,Chamber 1,28-031662211eff,22.437,T257,40C,off
11/30/2022 10:54:22,Chamber 1,28-031662211eff,22.437,T257,40C,off
11/30/2022 10:54:42,Chamber 1,28-031662211eff,22.437,T257,40C,off
11/30/2022 10:55:02,Chamber 1,28-031662211eff,22.437,T257,40C,off
11/30/2022 10:55:22,Chamber 1,28-031662211eff,22.437,T257,40C,off
11/30/2022 10:55:42,Chamber 1,28-031662211eff,22.437,T257,40C,off
11/30/2022 10:56:02,Chamber 1,28-031662211eff,22.437,T257,40C,off
11/30/2022 10:56:22,Chamber 1,28-031662211eff,22.437,T257,40C,off
11/30/2022 10:56:42,Chamber 1,28-031662211eff,22.437,T257,40C,off
11/30/2022 10:57:02,Chamber 1,28-031662211eff,22.437,T257,40C,off
11/30/2022 10:57:22,Chamber 1,28-031662211eff,22.437,T257,40C,off
11/30/2022 10:57:42,Chamber 1,28-031662211eff,22.437,T257,40C,off
11/30/2022 10:58:02,Chamber 1,28-031662211eff,22.437,T257,40C,off
11/30/2022 10:58:22,Chamber 1,28-031662211eff,22.437,T257,40C,off
11/30/2022 10:58:42,Chamber 1,28-031662211eff,22.437,T257,40C,off
11/30/2022 10:59:02,Chamber 1,28-031662211eff,22.437,T257,40C,off
11/30/2022 10:59:22,Chamber 1,28-031662211eff,22.437,T257,40C,off
11/30/2022 10:59:42,Chamber 1,28-031662211eff,22.437,T257,40C,off
11/30/2022 11:00:03,Chamber 1,28-031662211eff,22.437,T257,40C,off
11/30/2022 11:00:23,Chamber 1,28-031662211eff,22.437,T257,40C,off
11/30/2022 11:00:43,Chamber 1,28-031662211eff,22.437,T257,40C,off
11/30/2022 11:01:03,Chamber 1,28-031662211eff,22.437,T257,40C,off
11/30/2022 11:01:23,Chamber 1,28-031662211eff,22.437,T257,40C,off
11/30/2022 11:01:43,Chamber 1,28-031662211eff,22.437,T257,40C,off
11/30/2022 11:02:03,Chamber 1,28-031662211eff,22.437,T257,40C,off
11/30/2022 11:02:23,Chamber 1,28-031662211eff,22.437,T257,40C,off
11/30/2022 11:02:43,Chamber 1,28-031662211eff,22.437,T257,40C,off
11/30/2022 11:03:03,Chamber 1,28-031662211eff,22.437,T257,40C,off
11/30/2022 11:03:23,Chamber 1,28-031662211eff,22.437,T257,40C,off
11/30/2022 11:03:43,Chamber 1,28-031662211eff,22.437,T257,40C,off
11/30/2022 11:04:03,Chamber 1,28-031662211eff,22.437,T257,40C,off
11/30/2022 11:04:23,Chamber 1,28-031662211eff,22.5,T257,40C,off
11/30/2022 11:04:43,Chamber 1,28-031662211eff,22.5,T257,40C,off
11/30/2022 11:05:03,Chamber 1,28-031662211eff,22.5,T257,40C,off
11/30/2022 11:05:23,Chamber 1,28-031662211eff,22.437,T257,40C,off
11/30/2022 11:05:43,Chamber 1,28-031662211eff,22.5,T257,40C,off
11/30/2022 11:06:03,Chamber 1,28-031662211eff,22.5,T257,40C,off
11/30/2022 11:06:23,Chamber 1,28-031662211eff,22.5,T257,40C,off
11/30/2022 11:06:43,Chamber 1,28-031662211eff,22.5,T257,40C,off
11/30/2022 11:07:03,Chamber 1,28-031662211eff,22.5,T257,40C,off
11/30/2022 11:07:23,Chamber 1,28-031662211eff,22.5,T257,40C,off
11/30/2022 11:07:43,Chamber 1,28-031662211eff,22.5,T257,40C,off
11/30/2022 11:08:03,Chamber 1,28-031662211eff,22.5,T257,40C,off
11/30/2022 11:08:23,Chamber 1,28-031662211eff,22.5,T257,40C,off
11/30/2022 11:08:43,Chamber 1,28-031662211eff,22.5,T257,40C,off
11/30/2022 11:09:03,Chamber 1,28-031662211eff,22.5,T257,40C,off
11/30/2022 11:09:23,Chamber 1,28-031662211eff,22.5,T257,40C,off
11/30/2022 11:09:43,Chamber 1,28-031662211eff,22.5,T257,40C,off
11/30/2022 11:10:03,Chamber 1,28-031662211eff,22.5,T257,40C,off
11/30/2022 11:10:23,Chamber 1,28-031662211eff,22.5,T257,40C,off
11/30/2022 11:10:43,Chamber 1,28-031662211eff,22.5,T257,40C,off
11/30/2022 11:11:03,Chamber 1,28-031662211eff,22.5,T257,40C,off
11/30/2022 11:11:23,Chamber 1,28-031662211eff,22.5,T257,40C,off
11/30/2022 11:11:43,Chamber 1,28-031662211eff,22.5,T257,40C,off
11/30/2022 11:12:03,Chamber 1,28-031662211eff,22.5,T257,40C,off
11/30/2022 11:12:23,Chamber 1,28-031662211eff,22.5,T257,40C,off
11/30/2022 11:12:43,Chamber 1,28-031662211eff,22.5,T257,40C,off
11/30/2022 11:13:03,Chamber 1,28-031662211eff,22.5,T257,40C,off
11/30/2022 11:13:23,Chamber 1,28-031662211eff,22.5,T257,40C,off
11/30/2022 11:13:43,Chamber 1,28-031662211eff,22.5,T257,40C,off
11/30/2022 11:14:03,Chamber 1,28-031662211eff,22.5,T257,40C,off
11/30/2022 11:14:23,Chamber 1,28-031662211eff,22.5,T257,40C,off
11/30/2022 11:14:43,Chamber 1,28-031662211eff,22.5,T257,40C,off
11/30/2022 11:15:03,Chamber 1,28-031662211eff,22.5,T257,40C,off
11/30/2022 11:15:23,Chamber 1,28-031662211eff,22.5,T257,40C,off
11/30/2022 11:15:43,Chamber 1,28-031662211eff,22.5,T257,40C,off
11/30/2022 11:16:03,Chamber 1,28-031662211eff,22.5,T257,40C,off
11/30/2022 11:16:23,Chamber 1,28-031662211eff,22.5,T257,40C,off
11/30/2022 11:16:43,Chamber 1,28-031662211eff,22.5,T257,40C,off
11/30/2022 11:17:03,Chamber 1,28-031662211eff,22.5,T257,40C,off
11/30/2022 11:17:23,Chamber 1,28-031662211eff,22.5,T257,40C,off
11/30/2022 11:17:43,Chamber 1,28-031662211eff,22.5,T257,40C,off
11/30/2022 11:18:03,Chamber 1,28-031662211eff,22.5,T257,40C,off
11/30/2022 11:18:23,Chamber 1,28-031662211eff,22.5,T257,40C,off
11/30/2022 11:18:43,Chamber 1,28-031662211eff,22.5,T257,40C,off
11/30/2022 11:19:03,Chamber 1,28-031662211eff,22.5,T257,40C,off
11/30/2022 11:19:23,Chamber 1,28-031662211eff,22.5,T257,40C,off
11/30/2022 11:19:43,Chamber 1,28-031662211eff,22.5,T257,40C,off
11/30/2022 11:20:03,Chamber 1,28-031662211eff,22.5,T257,40C,off
11/30/2022 11:20:23,Chamber 1,28-031662211eff,22.5,T257,40C,off
11/30/2022 11:20:43,Chamber 1,28-031662211eff,22.5,T257,40C,off
11/30/2022 11:21:03,Chamber 1,28-031662211eff,22.5,T257,40C,off
11/30/2022 11:21:23,Chamber 1,28-031662211eff,22.5,T257,40C,off
11/30/2022 11:21:43,Chamber 1,28-031662211eff,22.5,T257,40C,off
11/30/2022 11:22:03,Chamber 1,28-031662211eff,22.5,T257,40C,off
11/30/2022 11:22:23,Chamber 1,28-031662211eff,22.5,T257,40C,off
11/30/2022 11:22:43,Chamber 1,28-031662211eff,22.5,T257,40C,off
11/30/2022 11:23:03,Chamber 1,28-031662211eff,22.5,T257,40C,off
11/30/2022 11:23:23,Chamber 1,28-031662211eff,22.5,T257,40C,off
11/30/2022 11:23:43,Chamber 1,28-031662211eff,22.5,T257,40C,off
11/30/2022 11:24:03,Chamber 1,28-031662211eff,22.5,T257,40C,off
11/30/2022 11:24:23,Chamber 1,28-031662211eff,22.5,T257,40C,off
11/30/2022 11:24:43,Chamber 1,28-031662211eff,22.5,T257,40C,off
11/30/2022 11:25:03,Chamber 1,28-031662211eff,22.5,T257,40C,off
11/30/2022 11:25:23,Chamber 1,28-031662211eff,22.5,T257,40C,off
11/30/2022 11:25:43,Chamber 1,28-031662211eff,22.5,T257,40C,off
11/30/2022 11:26:03,Chamber 1,28-031662211eff,22.5,T257,40C,off
11/30/2022 11:26:23,Chamber 1,28-031662211eff,22.5,T257,40C,off
11/30/2022 11:26:43,Chamber 1,28-031662211eff,22.5,T257,40C,off
11/30/2022 11:27:03,Chamber 1,28-031662211eff,22.5,T257,40C,off
11/30/2022 11:27:23,Chamber 1,28-031662211eff,22.5,T257,40C,off
11/30/2022 11:27:43,Chamber 1,28-031662211eff,22.5,T257,40C,off
11/30/2022 11:28:03,Chamber 1,28-031662211eff,22.5,T257,40C,off
11/30/2022 11:28:23,Chamber 1,28-031662211eff,22.5,T257,40C,off
11/30/2022 11:28:43,Chamber 1,28-031662211eff,22.5,T257,40C,off
11/30/2022 11:29:03,Chamber 1,28-031662211eff,22.5,T257,40C,off
11/30/2022 11:29:23,Chamber 1,28-031662211eff,22.5,T257,40C,off
11/30/2022 11:29:43,Chamber 1,28-031662211eff,22.562,T257,40C,off
11/30/2022 11:30:03,Chamber 1,28-031662211eff,22.5,T257,40C,off
11/30/2022 11:30:23,Chamber 1,28-031662211eff,22.562,T257,40C,off
11/30/2022 11:30:43,Chamber 1,28-031662211eff,22.5,T257,40C,off
11/30/2022 11:31:03,Chamber 1,28-031662211eff,22.562,T257,40C,off
11/30/2022 11:31:23,Chamber 1,28-031662211eff,22.562,T257,40C,off
11/30/2022 11:31:43,Chamber 1,28-031662211eff,22.562,T257,40C,off
11/30/2022 11:32:03,Chamber 1,28-031662211eff,22.562,T257,40C,off
11/30/2022 11:32:23,Chamber 1,28-031662211eff,22.562,T257,40C,off
11/30/2022 11:32:43,Chamber 1,28-031662211eff,22.562,T257,40C,off
11/30/2022 11:33:03,Chamber 1,28-031662211eff,22.5,T257,40C,off
11/30/2022 11:33:23,Chamber 1,28-031662211eff,22.5,T257,40C,off
11/30/2022 11:33:43,Chamber 1,28-031662211eff,22.562,T257,40C,off
11/30/2022 11:34:03,Chamber 1,28-031662211eff,22.562,T257,40C,off
11/30/2022 11:34:23,Chamber 1,28-031662211eff,22.562,T257,40C,off
11/30/2022 11:34:43,Chamber 1,28-031662211eff,22.562,T257,40C,off
11/30/2022 11:35:03,Chamber 1,28-031662211eff,22.562,T257,40C,off
11/30/2022 11:35:23,Chamber 1,28-031662211eff,22.562,T257,40C,off
11/30/2022 11:35:43,Chamber 1,28-031662211eff,22.562,T257,40C,off
11/30/2022 11:36:03,Chamber 1,28-031662211eff,22.562,T257,40C,off
11/30/2022 11:36:23,Chamber 1,28-031662211eff,22.562,T257,40C,off
11/30/2022 11:36:43,Chamber 1,28-031662211eff,22.562,T257,40C,off
11/30/2022 11:37:03,Chamber 1,28-031662211eff,22.562,T257,40C,off
11/30/2022 11:37:23,Chamber 1,28-031662211eff,22.562,T257,40C,off
11/30/2022 11:37:43,Chamber 1,28-031662211eff,22.562,T257,40C,off
11/30/2022 11:38:03,Chamber 1,28-031662211eff,22.562,T257,40C,off
11/30/2022 11:38:23,Chamber 1,28-031662211eff,22.562,T257,40C,off
11/30/2022 11:38:43,Chamber 1,28-031662211eff,22.562,T257,40C,off
11/30/2022 11:39:03,Chamber 1,28-031662211eff,22.562,T257,40C,off
11/30/2022 11:39:23,Chamber 1,28-031662211eff,22.562,T257,40C,off
11/30/2022 11:39:43,Chamber 1,28-031662211eff,22.562,T257,40C,off
11/30/2022 11:40:03,Chamber 1,28-031662211eff,22.562,T257,40C,off
11/30/2022 11:40:23,Chamber 1,28-031662211eff,22.562,T257,40C,off
11/30/2022 11:40:43,Chamber 1,28-031662211eff,22.562,T257,40C,off
11/30/2022 11:41:03,Chamber 1,28-031662211eff,22.562,T257,40C,off
11/30/2022 11:41:23,Chamber 1,28-031662211eff,22.562,T257,40C,off
11/30/2022 11:41:43,Chamber 1,28-031662211eff,22.562,T257,40C,off
11/30/2022 11:42:03,Chamber 1,28-031662211eff,22.562,T257,40C,off
11/30/2022 11:42:23,Chamber 1,28-031662211eff,22.562,T257,40C,off
11/30/2022 11:42:43,Chamber 1,28-031662211eff,22.562,T257,40C,off
11/30/2022 11:43:03,Chamber 1,28-031662211eff,22.562,T257,40C,off
11/30/2022 11:43:23,Chamber 1,28-031662211eff,22.562,T257,40C,off
11/30/2022 11:43:43,Chamber 1,28-031662211eff,22.562,T257,40C,off
11/30/2022 11:44:03,Chamber 1,28-031662211eff,22.562,T257,40C,off
11/30/2022 11:44:23,Chamber 1,28-031662211eff,22.562,T257,40C,off
11/30/2022 11:44:43,Chamber 1,28-031662211eff,22.562,T257,40C,off
11/30/2022 11:45:03,Chamber 1,28-031662211eff,22.562,T257,40C,off
11/30/2022 11:45:23,Chamber 1,28-031662211eff,22.562,T257,40C,off
11/30/2022 11:45:43,Chamber 1,28-031662211eff,22.562,T257,40C,off
11/30/2022 11:46:03,Chamber 1,28-031662211eff,22.562,T257,40C,off
11/30/2022 11:46:23,Chamber 1,28-031662211eff,22.562,T257,40C,off
11/30/2022 11:46:43,Chamber 1,28-031662211eff,22.562,T257,40C,off
11/30/2022 11:47:03,Chamber 1,28-031662211eff,22.562,T257,40C,off
11/30/2022 11:47:23,Chamber 1,28-031662211eff,22.562,T257,40C,off
11/30/2022 11:47:43,Chamber 1,28-031662211eff,22.562,T257,40C,off
11/30/2022 11:48:03,Chamber 1,28-031662211eff,22.562,T257,40C,off
11/30/2022 11:48:23,Chamber 1,28-031662211eff,22.562,T257,40C,off
11/30/2022 11:48:43,Chamber 1,28-031662211eff,22.562,T257,40C,off
11/30/2022 11:49:03,Chamber 1,28-031662211eff,22.562,T257,40C,off
11/30/2022 11:49:23,Chamber 1,28-031662211eff,22.562,T257,40C,off
11/30/2022 11:49:43,Chamber 1,28-031662211eff,22.562,T257,40C,off
11/30/2022 11:50:03,Chamber 1,28-031662211eff,22.562,T257,40C,off
11/30/2022 11:50:23,Chamber 1,28-031662211eff,22.562,T257,40C,off
11/30/2022 11:50:43,Chamber 1,28-031662211eff,22.625,T257,40C,off
11/30/2022 11:51:03,Chamber 1,28-031662211eff,22.562,T257,40C,off
11/30/2022 11:51:23,Chamber 1,28-031662211eff,22.562,T257,40C,off
11/30/2022 11:51:43,Chamber 1,28-031662211eff,22.562,T257,40C,off
11/30/2022 11:52:03,Chamber 1,28-031662211eff,22.625,T257,40C,off
11/30/2022 11:52:23,Chamber 1,28-031662211eff,22.625,T257,40C,off
11/30/2022 11:52:43,Chamber 1,28-031662211eff,22.625,T257,40C,off
11/30/2022 11:53:03,Chamber 1,28-031662211eff,22.562,T257,40C,off
11/30/2022 11:53:23,Chamber 1,28-031662211eff,22.562,T257,40C,off
11/30/2022 11:53:43,Chamber 1,28-031662211eff,22.562,T257,40C,off
11/30/2022 11:54:03,Chamber 1,28-031662211eff,22.625,T257,40C,off
11/30/2022 11:54:23,Chamber 1,28-031662211eff,22.625,T257,40C,off
11/30/2022 11:54:43,Chamber 1,28-031662211eff,22.562,T257,40C,off
11/30/2022 11:55:03,Chamber 1,28-031662211eff,22.562,T257,40C,off
11/30/2022 11:55:23,Chamber 1,28-031662211eff,22.625,T257,40C,off
11/30/2022 11:55:43,Chamber 1,28-031662211eff,22.625,T257,40C,off
11/30/2022 11:56:03,Chamber 1,28-031662211eff,22.562,T257,40C,off
11/30/2022 11:56:23,Chamber 1,28-031662211eff,22.562,T257,40C,off
11/30/2022 11:56:43,Chamber 1,28-031662211eff,22.625,T257,40C,off
11/30/2022 11:57:03,Chamber 1,28-031662211eff,22.625,T257,40C,off
11/30/2022 11:57:23,Chamber 1,28-031662211eff,22.562,T257,40C,off
11/30/2022 11:57:43,Chamber 1,28-031662211eff,22.625,T257,40C,off
11/30/2022 11:58:03,Chamber 1,28-031662211eff,22.625,T257,40C,off
11/30/2022 11:58:23,Chamber 1,28-031662211eff,22.562,T257,40C,off
11/30/2022 11:58:43,Chamber 1,28-031662211eff,22.625,T257,40C,off
11/30/2022 11:59:03,Chamber 1,28-031662211eff,22.625,T257,40C,off
11/30/2022 11:59:23,Chamber 1,28-031662211eff,22.625,T257,40C,off
11/30/2022 11:59:43,Chamber 1,28-031662211eff,22.625,T257,40C,off
11/30/2022 12:00:02,Chamber 1,28-031662211eff,22.562,T257,40C,off
11/30/2022 12:00:22,Chamber 1,28-031662211eff,22.562,T257,40C,off
11/30/2022 12:00:42,Chamber 1,28-031662211eff,22.625,T257,40C,off
11/30/2022 12:01:02,Chamber 1,28-031662211eff,22.562,T257,40C,off
11/30/2022 12:01:22,Chamber 1,28-031662211eff,22.625,T257,40C,off
11/30/2022 12:01:42,Chamber 1,28-031662211eff,22.625,T257,40C,off
11/30/2022 12:02:02,Chamber 1,28-031662211eff,22.625,T257,40C,off
11/30/2022 12:02:22,Chamber 1,28-031662211eff,22.562,T257,40C,off
11/30/2022 12:02:42,Chamber 1,28-031662211eff,22.625,T257,40C,off
11/30/2022 12:03:02,Chamber 1,28-031662211eff,22.625,T257,40C,off
11/30/2022 12:03:22,Chamber 1,28-031662211eff,22.562,T257,40C,off
11/30/2022 12:03:42,Chamber 1,28-031662211eff,22.625,T257,40C,off
11/30/2022 12:04:02,Chamber 1,28-031662211eff,22.562,T257,40C,off
11/30/2022 12:04:22,Chamber 1,28-031662211eff,22.562,T257,40C,off
11/30/2022 12:04:42,Chamber 1,28-031662211eff,22.625,T257,40C,off
11/30/2022 12:05:02,Chamber 1,28-031662211eff,22.562,T257,40C,off
11/30/2022 12:05:22,Chamber 1,28-031662211eff,22.625,T257,40C,off
11/30/2022 12:05:42,Chamber 1,28-031662211eff,22.562,T257,40C,off
11/30/2022 12:06:02,Chamber 1,28-031662211eff,22.625,T257,40C,off
11/30/2022 12:06:22,Chamber 1,28-031662211eff,22.625,T257,40C,off
11/30/2022 12:06:42,Chamber 1,28-031662211eff,22.562,T257,40C,off
11/30/2022 12:07:02,Chamber 1,28-031662211eff,22.562,T257,40C,off
11/30/2022 12:07:22,Chamber 1,28-031662211eff,22.562,T257,40C,off
11/30/2022 12:07:42,Chamber 1,28-031662211eff,22.562,T257,40C,off
11/30/2022 12:08:02,Chamber 1,28-031662211eff,22.562,T257,40C,off
11/30/2022 12:08:22,Chamber 1,28-031662211eff,22.562,T257,40C,off
11/30/2022 12:08:42,Chamber 1,28-031662211eff,22.562,T257,40C,off
11/30/2022 12:09:02,Chamber 1,28-031662211eff,22.562,T257,40C,off
11/30/2022 12:09:22,Chamber 1,28-031662211eff,22.562,T257,40C,off
11/30/2022 12:09:43,Chamber 1,28-031662211eff,22.562,T257,40C,off
11/30/2022 12:10:03,Chamber 1,28-031662211eff,22.625,T257,40C,off
11/30/2022 12:10:22,Chamber 1,28-031662211eff,22.625,T257,40C,off
11/30/2022 12:10:42,Chamber 1,28-031662211eff,22.625,T257,40C,off
11/30/2022 12:11:02,Chamber 1,28-031662211eff,22.625,T257,40C,off
11/30/2022 12:11:22,Chamber 1,28-031662211eff,22.625,T257,40C,off
11/30/2022 12:11:42,Chamber 1,28-031662211eff,22.625,T257,40C,off
11/30/2022 12:12:02,Chamber 1,28-031662211eff,22.625,T257,40C,off
11/30/2022 12:12:22,Chamber 1,28-031662211eff,22.625,T257,40C,off
11/30/2022 12:12:42,Chamber 1,28-031662211eff,22.562,T257,40C,off
11/30/2022 12:13:02,Chamber 1,28-031662211eff,22.625,T257,40C,off
11/30/2022 12:13:22,Chamber 1,28-031662211eff,22.625,T257,40C,off
11/30/2022 12:13:42,Chamber 1,28-031662211eff,22.625,T257,40C,off
11/30/2022 12:14:02,Chamber 1,28-031662211eff,22.562,T257,40C,off
11/30/2022 12:14:22,Chamber 1,28-031662211eff,22.625,T257,40C,off
11/30/2022 12:14:42,Chamber 1,28-031662211eff,22.625,T257,40C,off
11/30/2022 12:15:02,Chamber 1,28-031662211eff,22.625,T257,40C,off
11/30/2022 12:15:22,Chamber 1,28-031662211eff,22.625,T257,40C,off
11/30/2022 12:15:42,Chamber 1,28-031662211eff,22.625,T257,40C,off
11/30/2022 12:16:02,Chamber 1,28-031662211eff,22.625,T257,40C,off
11/30/2022 12:16:22,Chamber 1,28-031662211eff,22.625,T257,40C,off
11/30/2022 12:16:42,Chamber 1,28-031662211eff,22.562,T257,40C,off
11/30/2022 12:17:02,Chamber 1,28-031662211eff,22.625,T257,40C,off
11/30/2022 12:17:22,Chamber 1,28-031662211eff,22.625,T257,40C,off
11/30/2022 12:17:42,Chamber 1,28-031662211eff,22.625,T257,40C,off
11/30/2022 12:18:02,Chamber 1,28-031662211eff,22.625,T257,40C,off
11/30/2022 12:18:22,Chamber 1,28-031662211eff,22.625,T257,40C,off
11/30/2022 12:18:42,Chamber 1,28-031662211eff,22.625,T257,40C,off
11/30/2022 12:19:02,Chamber 1,28-031662211eff,22.625,T257,40C,off
11/30/2022 12:19:22,Chamber 1,28-031662211eff,22.625,T257,40C,off
11/30/2022 12:19:42,Chamber 1,28-031662211eff,22.625,T257,40C,off
11/30/2022 12:20:02,Chamber 1,28-031662211eff,22.625,T257,40C,off
11/30/2022 12:20:22,Chamber 1,28-031662211eff,22.625,T257,40C,off
11/30/2022 12:20:42,Chamber 1,28-031662211eff,22.625,T257,40C,off
11/30/2022 12:21:02,Chamber 1,28-031662211eff,22.625,T257,40C,off
11/30/2022 12:21:23,Chamber 1,28-031662211eff,22.625,T257,40C,off
11/30/2022 12:21:42,Chamber 1,28-031662211eff,22.625,T257,40C,off
11/30/2022 12:22:02,Chamber 1,28-031662211eff,22.625,T257,40C,off
11/30/2022 12:22:22,Chamber 1,28-031662211eff,22.625,T257,40C,off
11/30/2022 12:22:42,Chamber 1,28-031662211eff,22.625,T257,40C,off
11/30/2022 12:23:02,Chamber 1,28-031662211eff,22.625,T257,40C,off
11/30/2022 12:23:22,Chamber 1,28-031662211eff,22.625,T257,40C,off
11/30/2022 12:23:42,Chamber 1,28-031662211eff,22.625,T257,40C,off
11/30/2022 12:24:02,Chamber 1,28-031662211eff,22.625,T257,40C,off
11/30/2022 12:24:22,Chamber 1,28-031662211eff,22.625,T257,40C,off
11/30/2022 12:24:42,Chamber 1,28-031662211eff,22.625,T257,40C,off
11/30/2022 12:25:02,Chamber 1,28-031662211eff,22.625,T257,40C,off
11/30/2022 12:25:22,Chamber 1,28-031662211eff,22.625,T257,40C,off
11/30/2022 12:25:42,Chamber 1,28-031662211eff,22.625,T257,40C,off
11/30/2022 12:26:02,Chamber 1,28-031662211eff,22.625,T257,40C,off
11/30/2022 12:26:22,Chamber 1,28-031662211eff,22.625,T257,40C,off
11/30/2022 12:26:42,Chamber 1,28-031662211eff,22.625,T257,40C,off
11/30/2022 12:27:02,Chamber 1,28-031662211eff,22.625,T257,40C,off
11/30/2022 12:27:22,Chamber 1,28-031662211eff,22.625,T257,40C,off
11/30/2022 12:27:42,Chamber 1,28-031662211eff,22.625,T257,40C,off
11/30/2022 12:28:02,Chamber 1,28-031662211eff,22.625,T257,40C,off
11/30/2022 12:28:22,Chamber 1,28-031662211eff,22.625,T257,40C,off
11/30/2022 12:28:42,Chamber 1,28-031662211eff,22.625,T257,40C,off
11/30/2022 12:29:02,Chamber 1,28-031662211eff,22.625,T257,40C,off
11/30/2022 12:29:22,Chamber 1,28-031662211eff,22.625,T257,40C,off
11/30/2022 12:29:42,Chamber 1,28-031662211eff,22.625,T257,40C,off
11/30/2022 12:30:02,Chamber 1,28-031662211eff,22.625,T257,40C,off
11/30/2022 12:30:22,Chamber 1,28-031662211eff,22.625,T257,40C,off
11/30/2022 12:30:42,Chamber 1,28-031662211eff,22.625,T257,40C,off
11/30/2022 12:31:02,Chamber 1,28-031662211eff,22.625,T257,40C,off
11/30/2022 12:31:22,Chamber 1,28-031662211eff,22.625,T257,40C,off
11/30/2022 12:31:42,Chamber 1,28-031662211eff,22.625,T257,40C,off
11/30/2022 12:32:02,Chamber 1,28-031662211eff,22.625,T257,40C,off
11/30/2022 12:32:22,Chamber 1,28-031662211eff,22.625,T257,40C,off
11/30/2022 12:32:42,Chamber 1,28-031662211eff,22.625,T257,40C,off
11/30/2022 12:33:02,Chamber 1,28-031662211eff,22.625,T257,40C,off
11/30/2022 12:33:22,Chamber 1,28-031662211eff,22.625,T257,40C,off
11/30/2022 12:33:42,Chamber 1,28-031662211eff,22.687,T257,40C,off
11/30/2022 12:34:02,Chamber 1,28-031662211eff,22.625,T257,40C,off
11/30/2022 12:34:22,Chamber 1,28-031662211eff,22.687,T257,40C,off
11/30/2022 12:34:42,Chamber 1,28-031662211eff,22.687,T257,40C,off
11/30/2022 12:35:02,Chamber 1,28-031662211eff,22.687,T257,40C,off
11/30/2022 12:35:22,Chamber 1,28-031662211eff,22.625,T257,40C,off
11/30/2022 12:35:42,Chamber 1,28-031662211eff,22.687,T257,40C,off
11/30/2022 12:36:02,Chamber 1,28-031662211eff,22.625,T257,40C,off
11/30/2022 12:36:22,Chamber 1,28-031662211eff,22.687,T257,40C,off
11/30/2022 12:36:42,Chamber 1,28-031662211eff,22.687,T257,40C,off
11/30/2022 12:37:02,Chamber 1,28-031662211eff,22.687,T257,40C,off
11/30/2022 12:37:22,Chamber 1,28-031662211eff,22.687,T257,40C,off
11/30/2022 12:37:42,Chamber 1,28-031662211eff,22.687,T257,40C,off
11/30/2022 12:38:02,Chamber 1,28-031662211eff,22.687,T257,40C,off
11/30/2022 12:38:22,Chamber 1,28-031662211eff,22.687,T257,40C,off
11/30/2022 12:38:42,Chamber 1,28-031662211eff,22.687,T257,40C,off
11/30/2022 12:39:02,Chamber 1,28-031662211eff,22.687,T257,40C,off
11/30/2022 12:39:22,Chamber 1,28-031662211eff,22.687,T257,40C,off
11/30/2022 12:39:42,Chamber 1,28-031662211eff,22.687,T257,40C,off
11/30/2022 12:40:02,Chamber 1,28-031662211eff,22.687,T257,40C,off
11/30/2022 12:40:22,Chamber 1,28-031662211eff,22.687,T257,40C,off
11/30/2022 12:40:42,Chamber 1,28-031662211eff,22.687,T257,40C,off
11/30/2022 12:41:02,Chamber 1,28-031662211eff,22.687,T257,40C,off
11/30/2022 12:41:22,Chamber 1,28-031662211eff,22.687,T257,40C,off
11/30/2022 12:41:42,Chamber 1,28-031662211eff,22.687,T257,40C,off
11/30/2022 12:42:04,Chamber 1,28-031662211eff,22.687,T257,40C,off
11/30/2022 12:42:22,Chamber 1,28-031662211eff,22.687,T257,40C,off
11/30/2022 12:42:43,Chamber 1,28-031662211eff,22.687,T257,40C,off
11/30/2022 12:43:02,Chamber 1,28-031662211eff,22.687,T257,40C,off
11/30/2022 12:43:22,Chamber 1,28-031662211eff,22.687,T257,40C,off
11/30/2022 12:43:42,Chamber 1,28-031662211eff,22.687,T257,40C,off
11/30/2022 12:44:02,Chamber 1,28-031662211eff,22.687,T257,40C,off
11/30/2022 12:44:22,Chamber 1,28-031662211eff,22.687,T257,40C,off
11/30/2022 12:44:42,Chamber 1,28-031662211eff,22.687,T257,40C,off
11/30/2022 12:45:02,Chamber 1,28-031662211eff,22.687,T257,40C,off
11/30/2022 12:45:22,Chamber 1,28-031662211eff,22.687,T257,40C,off
11/30/2022 12:45:42,Chamber 1,28-031662211eff,22.687,T257,40C,off
11/30/2022 12:46:02,Chamber 1,28-031662211eff,22.687,T257,40C,off
11/30/2022 12:46:22,Chamber 1,28-031662211eff,22.687,T257,40C,off
11/30/2022 12:46:42,Chamber 1,28-031662211eff,22.687,T257,40C,off
11/30/2022 12:47:02,Chamber 1,28-031662211eff,22.687,T257,40C,off
11/30/2022 12:47:22,Chamber 1,28-031662211eff,22.687,T257,40C,off
11/30/2022 12:47:42,Chamber 1,28-031662211eff,22.687,T257,40C,off
11/30/2022 12:48:02,Chamber 1,28-031662211eff,22.687,T257,40C,off
11/30/2022 12:48:22,Chamber 1,28-031662211eff,22.687,T257,40C,off
11/30/2022 12:48:42,Chamber 1,28-031662211eff,22.687,T257,40C,off
11/30/2022 12:49:02,Chamber 1,28-031662211eff,22.687,T257,40C,off
11/30/2022 12:49:22,Chamber 1,28-031662211eff,22.687,T257,40C,off
11/30/2022 12:49:43,Chamber 1,28-031662211eff,22.687,T257,40C,off
11/30/2022 12:50:02,Chamber 1,28-031662211eff,22.687,T257,40C,off
11/30/2022 12:50:22,Chamber 1,28-031662211eff,22.687,T257,40C,off
11/30/2022 12:50:42,Chamber 1,28-031662211eff,22.687,T257,40C,off
11/30/2022 12:51:02,Chamber 1,28-031662211eff,22.687,T257,40C,off
11/30/2022 12:51:22,Chamber 1,28-031662211eff,22.687,T257,40C,off
11/30/2022 12:51:42,Chamber 1,28-031662211eff,22.687,T257,40C,off
11/30/2022 12:52:02,Chamber 1,28-031662211eff,22.687,T257,40C,off
11/30/2022 12:52:22,Chamber 1,28-031662211eff,22.687,T257,40C,off
11/30/2022 12:52:42,Chamber 1,28-031662211eff,22.687,T257,40C,off
11/30/2022 12:53:02,Chamber 1,28-031662211eff,22.687,T257,40C,off
11/30/2022 12:53:22,Chamber 1,28-031662211eff,22.687,T257,40C,off
11/30/2022 12:53:42,Chamber 1,28-031662211eff,22.687,T257,40C,off
11/30/2022 12:54:02,Chamber 1,28-031662211eff,22.687,T257,40C,off
11/30/2022 12:54:22,Chamber 1,28-031662211eff,22.687,T257,40C,off
11/30/2022 12:54:42,Chamber 1,28-031662211eff,22.687,T257,40C,off
11/30/2022 12:55:02,Chamber 1,28-031662211eff,22.687,T257,40C,off
11/30/2022 12:55:22,Chamber 1,28-031662211eff,22.687,T257,40C,off
11/30/2022 12:55:43,Chamber 1,28-031662211eff,22.687,T257,40C,off
11/30/2022 12:56:02,Chamber 1,28-031662211eff,22.687,T257,40C,off
11/30/2022 12:56:22,Chamber 1,28-031662211eff,22.687,T257,40C,off
11/30/2022 12:56:42,Chamber 1,28-031662211eff,22.687,T257,40C,off
11/30/2022 12:57:02,Chamber 1,28-031662211eff,22.687,T257,40C,off
11/30/2022 12:57:22,Chamber 1,28-031662211eff,22.687,T257,40C,off
11/30/2022 12:57:42,Chamber 1,28-031662211eff,22.687,T257,40C,off
11/30/2022 12:58:02,Chamber 1,28-031662211eff,22.687,T257,40C,off
11/30/2022 12:58:22,Chamber 1,28-031662211eff,22.687,T257,40C,off
11/30/2022 12:58:42,Chamber 1,28-031662211eff,22.687,T257,40C,off
11/30/2022 12:59:02,Chamber 1,28-031662211eff,22.687,T257,40C,off
11/30/2022 12:59:22,Chamber 1,28-031662211eff,22.687,T257,40C,off
11/30/2022 12:59:42,Chamber 1,28-031662211eff,22.687,T257,40C,off
11/30/2022 13:00:03,Chamber 1,28-031662211eff,22.687,T257,40C,off
11/30/2022 13:00:23,Chamber 1,28-031662211eff,22.687,T257,40C,off
11/30/2022 13:00:43,Chamber 1,28-031662211eff,22.687,T257,40C,off
11/30/2022 13:01:03,Chamber 1,28-031662211eff,22.687,T257,40C,off
11/30/2022 13:01:23,Chamber 1,28-031662211eff,22.687,T257,40C,off
11/30/2022 13:01:43,Chamber 1,28-031662211eff,22.687,T257,40C,off
11/30/2022 13:02:03,Chamber 1,28-031662211eff,22.687,T257,40C,off
11/30/2022 13:02:23,Chamber 1,28-031662211eff,22.687,T257,40C,off
11/30/2022 13:02:43,Chamber 1,28-031662211eff,22.687,T257,40C,off
11/30/2022 13:03:03,Chamber 1,28-031662211eff,22.687,T257,40C,off
11/30/2022 13:03:23,Chamber 1,28-031662211eff,22.687,T257,40C,off
11/30/2022 13:03:43,Chamber 1,28-031662211eff,22.687,T257,40C,off
11/30/2022 13:04:03,Chamber 1,28-031662211eff,22.75,T257,40C,off
11/30/2022 13:04:23,Chamber 1,28-031662211eff,22.687,T257,40C,off
11/30/2022 13:04:43,Chamber 1,28-031662211eff,22.687,T257,40C,off
11/30/2022 13:05:03,Chamber 1,28-031662211eff,22.75,T257,40C,off
11/30/2022 13:05:23,Chamber 1,28-031662211eff,22.75,T257,40C,off
11/30/2022 13:05:43,Chamber 1,28-031662211eff,22.75,T257,40C,off
11/30/2022 13:06:03,Chamber 1,28-031662211eff,22.75,T257,40C,off
11/30/2022 13:06:23,Chamber 1,28-031662211eff,22.687,T257,40C,off
11/30/2022 13:06:43,Chamber 1,28-031662211eff,22.75,T257,40C,off
11/30/2022 13:07:03,Chamber 1,28-031662211eff,22.75,T257,40C,off
11/30/2022 13:07:23,Chamber 1,28-031662211eff,22.75,T257,40C,off
11/30/2022 13:07:43,Chamber 1,28-031662211eff,22.687,T257,40C,off
11/30/2022 13:08:03,Chamber 1,28-031662211eff,22.75,T257,40C,off
11/30/2022 13:08:23,Chamber 1,28-031662211eff,22.75,T257,40C,off
11/30/2022 13:08:43,Chamber 1,28-031662211eff,22.75,T257,40C,off
11/30/2022 13:09:03,Chamber 1,28-031662211eff,22.75,T257,40C,off
11/30/2022 13:09:23,Chamber 1,28-031662211eff,22.75,T257,40C,off
11/30/2022 13:09:43,Chamber 1,28-031662211eff,22.75,T257,40C,off
11/30/2022 13:10:03,Chamber 1,28-031662211eff,22.687,T257,40C,off
11/30/2022 13:10:23,Chamber 1,28-031662211eff,22.75,T257,40C,off
11/30/2022 13:10:43,Chamber 1,28-031662211eff,22.75,T257,40C,off
11/30/2022 13:11:03,Chamber 1,28-031662211eff,22.75,T257,40C,off
11/30/2022 13:11:23,Chamber 1,28-031662211eff,22.75,T257,40C,off
11/30/2022 13:11:43,Chamber 1,28-031662211eff,22.75,T257,40C,off
11/30/2022 13:12:03,Chamber 1,28-031662211eff,22.75,T257,40C,off
11/30/2022 13:12:23,Chamber 1,28-031662211eff,22.75,T257,40C,off
11/30/2022 13:12:43,Chamber 1,28-031662211eff,22.75,T257,40C,off
11/30/2022 13:13:03,Chamber 1,28-031662211eff,22.75,T257,40C,off
11/30/2022 13:13:23,Chamber 1,28-031662211eff,22.75,T257,40C,off
11/30/2022 13:13:43,Chamber 1,28-031662211eff,22.75,T257,40C,off
11/30/2022 13:14:03,Chamber 1,28-031662211eff,22.75,T257,40C,off
11/30/2022 13:14:23,Chamber 1,28-031662211eff,22.75,T257,40C,off
11/30/2022 13:14:43,Chamber 1,28-031662211eff,22.75,T257,40C,off
11/30/2022 13:15:03,Chamber 1,28-031662211eff,22.75,T257,40C,off
11/30/2022 13:15:23,Chamber 1,28-031662211eff,22.75,T257,40C,off
11/30/2022 13:15:43,Chamber 1,28-031662211eff,22.75,T257,40C,off
11/30/2022 13:16:03,Chamber 1,28-031662211eff,22.75,T257,40C,off
11/30/2022 13:16:23,Chamber 1,28-031662211eff,22.75,T257,40C,off
11/30/2022 13:16:43,Chamber 1,28-031662211eff,22.75,T257,40C,off
11/30/2022 13:17:03,Chamber 1,28-031662211eff,22.75,T257,40C,off
11/30/2022 13:17:23,Chamber 1,28-031662211eff,22.75,T257,40C,off
11/30/2022 13:17:43,Chamber 1,28-031662211eff,22.75,T257,40C,off
11/30/2022 13:18:03,Chamber 1,28-031662211eff,22.75,T257,40C,off
11/30/2022 13:18:23,Chamber 1,28-031662211eff,22.75,T257,40C,off
11/30/2022 13:18:43,Chamber 1,28-031662211eff,22.75,T257,40C,off
11/30/2022 13:19:03,Chamber 1,28-031662211eff,22.75,T257,40C,off
11/30/2022 13:19:23,Chamber 1,28-031662211eff,22.75,T257,40C,off
11/30/2022 13:19:43,Chamber 1,28-031662211eff,22.75,T257,40C,off
11/30/2022 13:20:03,Chamber 1,28-031662211eff,22.75,T257,40C,off
11/30/2022 13:20:23,Chamber 1,28-031662211eff,22.75,T257,40C,off
11/30/2022 13:20:43,Chamber 1,28-031662211eff,22.75,T257,40C,off
11/30/2022 13:21:03,Chamber 1,28-031662211eff,22.75,T257,40C,off
11/30/2022 13:21:23,Chamber 1,28-031662211eff,22.75,T257,40C,off
11/30/2022 13:21:43,Chamber 1,28-031662211eff,22.75,T257,40C,off
11/30/2022 13:22:03,Chamber 1,28-031662211eff,22.75,T257,40C,off
11/30/2022 13:22:23,Chamber 1,28-031662211eff,22.75,T257,40C,off
11/30/2022 13:22:43,Chamber 1,28-031662211eff,22.75,T257,40C,off
11/30/2022 13:23:03,Chamber 1,28-031662211eff,22.75,T257,40C,off
11/30/2022 13:23:23,Chamber 1,28-031662211eff,22.75,T257,40C,off
11/30/2022 13:23:43,Chamber 1,28-031662211eff,22.75,T257,40C,off
11/30/2022 13:24:03,Chamber 1,28-031662211eff,22.75,T257,40C,off
11/30/2022 13:24:23,Chamber 1,28-031662211eff,22.75,T257,40C,off
11/30/2022 13:24:43,Chamber 1,28-031662211eff,22.75,T257,40C,off
11/30/2022 13:25:03,Chamber 1,28-031662211eff,22.75,T257,40C,off
11/30/2022 13:25:23,Chamber 1,28-031662211eff,22.75,T257,40C,off
11/30/2022 13:25:43,Chamber 1,28-031662211eff,22.75,T257,40C,off
11/30/2022 13:26:03,Chamber 1,28-031662211eff,22.75,T257,40C,off
11/30/2022 13:26:23,Chamber 1,28-031662211eff,22.75,T257,40C,off
11/30/2022 13:26:43,Chamber 1,28-031662211eff,22.75,T257,40C,off
11/30/2022 13:27:03,Chamber 1,28-031662211eff,22.75,T257,40C,off
11/30/2022 13:27:23,Chamber 1,28-031662211eff,22.75,T257,40C,off
11/30/2022 13:27:43,Chamber 1,28-031662211eff,22.75,T257,40C,off
11/30/2022 13:28:03,Chamber 1,28-031662211eff,22.75,T257,40C,off
11/30/2022 13:28:23,Chamber 1,28-031662211eff,22.75,T257,40C,off
11/30/2022 13:28:43,Chamber 1,28-031662211eff,22.75,T257,40C,off
11/30/2022 13:29:03,Chamber 1,28-031662211eff,22.75,T257,40C,off
11/30/2022 13:29:23,Chamber 1,28-031662211eff,22.75,T257,40C,off
11/30/2022 13:29:43,Chamber 1,28-031662211eff,22.75,T257,40C,off
11/30/2022 13:30:03,Chamber 1,28-031662211eff,22.75,T257,40C,off
11/30/2022 13:30:23,Chamber 1,28-031662211eff,22.75,T257,40C,off
11/30/2022 13:30:43,Chamber 1,28-031662211eff,22.75,T257,40C,off
11/30/2022 13:31:03,Chamber 1,28-031662211eff,22.75,T257,40C,off
11/30/2022 13:31:23,Chamber 1,28-031662211eff,22.75,T257,40C,off
11/30/2022 13:31:43,Chamber 1,28-031662211eff,22.75,T257,40C,off
11/30/2022 13:32:03,Chamber 1,28-031662211eff,22.75,T257,40C,off
11/30/2022 13:32:23,Chamber 1,28-031662211eff,22.75,T257,40C,off
11/30/2022 13:32:43,Chamber 1,28-031662211eff,22.75,T257,40C,off
11/30/2022 13:33:03,Chamber 1,28-031662211eff,22.75,T257,40C,off
11/30/2022 13:33:23,Chamber 1,28-031662211eff,22.75,T257,40C,off
11/30/2022 13:33:43,Chamber 1,28-031662211eff,22.75,T257,40C,off
11/30/2022 13:34:03,Chamber 1,28-031662211eff,22.75,T257,40C,off
11/30/2022 13:34:23,Chamber 1,28-031662211eff,22.75,T257,40C,off
11/30/2022 13:34:43,Chamber 1,28-031662211eff,22.75,T257,40C,off
11/30/2022 13:35:03,Chamber 1,28-031662211eff,22.75,T257,40C,off
11/30/2022 13:35:23,Chamber 1,28-031662211eff,22.75,T257,40C,off
11/30/2022 13:35:43,Chamber 1,28-031662211eff,22.75,T257,40C,off
11/30/2022 13:36:03,Chamber 1,28-031662211eff,22.75,T257,40C,off
11/30/2022 13:36:23,Chamber 1,28-031662211eff,22.75,T257,40C,off
11/30/2022 13:36:43,Chamber 1,28-031662211eff,22.75,T257,40C,off
11/30/2022 13:37:03,Chamber 1,28-031662211eff,22.75,T257,40C,off
11/30/2022 13:37:23,Chamber 1,28-031662211eff,22.75,T257,40C,off
11/30/2022 13:37:43,Chamber 1,28-031662211eff,22.75,T257,40C,off
11/30/2022 13:38:03,Chamber 1,28-031662211eff,22.75,T257,40C,off
11/30/2022 13:38:23,Chamber 1,28-031662211eff,22.75,T257,40C,off
11/30/2022 13:38:43,Chamber 1,28-031662211eff,22.75,T257,40C,off
11/30/2022 13:39:03,Chamber 1,28-031662211eff,22.75,T257,40C,off
11/30/2022 13:39:23,Chamber 1,28-031662211eff,22.75,T257,40C,off
11/30/2022 13:39:43,Chamber 1,28-031662211eff,22.75,T257,40C,off
11/30/2022 13:40:03,Chamber 1,28-031662211eff,22.75,T257,40C,off
11/30/2022 13:40:23,Chamber 1,28-031662211eff,22.687,T257,40C,off
11/30/2022 13:40:43,Chamber 1,28-031662211eff,22.75,T257,40C,off
11/30/2022 13:41:03,Chamber 1,28-031662211eff,22.687,T257,40C,off
11/30/2022 13:41:23,Chamber 1,28-031662211eff,22.687,T257,40C,off
11/30/2022 13:41:43,Chamber 1,28-031662211eff,22.75,T257,40C,off
11/30/2022 13:42:03,Chamber 1,28-031662211eff,22.75,T257,40C,off
11/30/2022 13:42:23,Chamber 1,28-031662211eff,22.687,T257,40C,off
11/30/2022 13:42:43,Chamber 1,28-031662211eff,22.75,T257,40C,off
11/30/2022 13:43:03,Chamber 1,28-031662211eff,22.687,T257,40C,off
11/30/2022 13:43:23,Chamber 1,28-031662211eff,22.687,T257,40C,off
11/30/2022 13:43:43,Chamber 1,28-031662211eff,22.687,T257,40C,off
11/30/2022 13:44:03,Chamber 1,28-031662211eff,22.687,T257,40C,off
11/30/2022 13:44:23,Chamber 1,28-031662211eff,22.687,T257,40C,off
11/30/2022 13:44:43,Chamber 1,28-031662211eff,22.687,T257,40C,off
11/30/2022 13:45:03,Chamber 1,28-031662211eff,22.687,T257,40C,off
11/30/2022 13:45:23,Chamber 1,28-031662211eff,22.687,T257,40C,off
11/30/2022 13:45:43,Chamber 1,28-031662211eff,22.687,T257,40C,off
11/30/2022 13:46:03,Chamber 1,28-031662211eff,22.687,T257,40C,off
11/30/2022 13:46:23,Chamber 1,28-031662211eff,22.687,T257,40C,off
11/30/2022 13:46:43,Chamber 1,28-031662211eff,22.687,T257,40C,off
11/30/2022 13:47:03,Chamber 1,28-031662211eff,22.687,T257,40C,off
11/30/2022 13:47:23,Chamber 1,28-031662211eff,22.687,T257,40C,off
11/30/2022 13:47:43,Chamber 1,28-031662211eff,22.687,T257,40C,off
11/30/2022 13:48:03,Chamber 1,28-031662211eff,22.687,T257,40C,off
11/30/2022 13:48:23,Chamber 1,28-031662211eff,22.687,T257,40C,off
11/30/2022 13:48:43,Chamber 1,28-031662211eff,22.687,T257,40C,off
11/30/2022 13:49:03,Chamber 1,28-031662211eff,22.687,T257,40C,off
11/30/2022 13:49:24,Chamber 1,28-031662211eff,22.687,T257,40C,off
11/30/2022 13:49:43,Chamber 1,28-031662211eff,22.687,T257,40C,off
11/30/2022 13:50:03,Chamber 1,28-031662211eff,22.687,T257,40C,off
11/30/2022 13:50:23,Chamber 1,28-031662211eff,22.687,T257,40C,off
11/30/2022 13:50:43,Chamber 1,28-031662211eff,22.687,T257,40C,off
11/30/2022 13:51:03,Chamber 1,28-031662211eff,22.687,T257,40C,off
11/30/2022 13:51:23,Chamber 1,28-031662211eff,22.687,T257,40C,off
11/30/2022 13:51:43,Chamber 1,28-031662211eff,22.687,T257,40C,off
11/30/2022 13:52:03,Chamber 1,28-031662211eff,22.687,T257,40C,off
11/30/2022 13:52:23,Chamber 1,28-031662211eff,22.687,T257,40C,off
11/30/2022 13:52:43,Chamber 1,28-031662211eff,22.687,T257,40C,off
11/30/2022 13:53:03,Chamber 1,28-031662211eff,22.687,T257,40C,off
11/30/2022 13:53:23,Chamber 1,28-031662211eff,22.687,T257,40C,off
11/30/2022 13:53:43,Chamber 1,28-031662211eff,22.687,T257,40C,off
11/30/2022 13:54:03,Chamber 1,28-031662211eff,22.687,T257,40C,off
11/30/2022 13:54:23,Chamber 1,28-031662211eff,22.687,T257,40C,off
11/30/2022 13:54:43,Chamber 1,28-031662211eff,22.687,T257,40C,off
11/30/2022 13:55:03,Chamber 1,28-031662211eff,22.687,T257,40C,off
11/30/2022 13:55:23,Chamber 1,28-031662211eff,22.687,T257,40C,off
11/30/2022 13:55:43,Chamber 1,28-031662211eff,22.687,T257,40C,off
11/30/2022 13:56:03,Chamber 1,28-031662211eff,22.687,T257,40C,off
11/30/2022 13:56:23,Chamber 1,28-031662211eff,22.687,T257,40C,off
11/30/2022 13:56:43,Chamber 1,28-031662211eff,22.687,T257,40C,off
11/30/2022 13:57:03,Chamber 1,28-031662211eff,22.687,T257,40C,off
11/30/2022 13:57:23,Chamber 1,28-031662211eff,22.687,T257,40C,off
11/30/2022 13:57:43,Chamber 1,28-031662211eff,22.687,T257,40C,off
11/30/2022 13:58:03,Chamber 1,28-031662211eff,22.687,T257,40C,off
11/30/2022 13:58:23,Chamber 1,28-031662211eff,22.687,T257,40C,off
11/30/2022 13:58:43,Chamber 1,28-031662211eff,22.687,T257,40C,off
11/30/2022 13:59:03,Chamber 1,28-031662211eff,22.687,T257,40C,off
11/30/2022 13:59:23,Chamber 1,28-031662211eff,22.687,T257,40C,off
11/30/2022 13:59:43,Chamber 1,28-031662211eff,22.687,T257,40C,off
11/30/2022 14:00:02,Chamber 1,28-031662211eff,22.687,T257,40C,off
11/30/2022 14:00:22,Chamber 1,28-031662211eff,22.687,T257,40C,off
11/30/2022 14:00:42,Chamber 1,28-031662211eff,22.687,T257,40C,off
11/30/2022 14:01:02,Chamber 1,28-031662211eff,22.625,T257,40C,off
11/30/2022 14:01:22,Chamber 1,28-031662211eff,22.625,T257,40C,off
11/30/2022 14:01:42,Chamber 1,28-031662211eff,22.625,T257,40C,off
11/30/2022 14:02:02,Chamber 1,28-031662211eff,22.625,T257,40C,off
11/30/2022 14:02:22,Chamber 1,28-031662211eff,22.625,T257,40C,off
11/30/2022 14:02:42,Chamber 1,28-031662211eff,22.625,T257,40C,off
11/30/2022 14:03:02,Chamber 1,28-031662211eff,22.625,T257,40C,off
11/30/2022 14:03:22,Chamber 1,28-031662211eff,22.625,T257,40C,off
11/30/2022 14:03:42,Chamber 1,28-031662211eff,22.625,T257,40C,off
11/30/2022 14:04:02,Chamber 1,28-031662211eff,22.625,T257,40C,off
11/30/2022 14:04:22,Chamber 1,28-031662211eff,22.625,T257,40C,off
11/30/2022 14:04:42,Chamber 1,28-031662211eff,22.625,T257,40C,off
11/30/2022 14:05:02,Chamber 1,28-031662211eff,22.625,T257,40C,off
11/30/2022 14:05:22,Chamber 1,28-031662211eff,22.625,T257,40C,off
11/30/2022 14:05:42,Chamber 1,28-031662211eff,22.625,T257,40C,off
11/30/2022 14:06:02,Chamber 1,28-031662211eff,22.625,T257,40C,off
11/30/2022 14:06:22,Chamber 1,28-031662211eff,22.625,T257,40C,off
11/30/2022 14:06:42,Chamber 1,28-031662211eff,22.625,T257,40C,off
11/30/2022 14:07:02,Chamber 1,28-031662211eff,22.625,T257,40C,off
11/30/2022 14:07:22,Chamber 1,28-031662211eff,22.625,T257,40C,off
11/30/2022 14:07:42,Chamber 1,28-031662211eff,22.625,T257,40C,off
11/30/2022 14:08:02,Chamber 1,28-031662211eff,22.625,T257,40C,off
11/30/2022 14:08:22,Chamber 1,28-031662211eff,22.625,T257,40C,off
11/30/2022 14:08:42,Chamber 1,28-031662211eff,22.625,T257,40C,off
11/30/2022 14:09:02,Chamber 1,28-031662211eff,22.625,T257,40C,off
11/30/2022 14:09:22,Chamber 1,28-031662211eff,22.625,T257,40C,off
11/30/2022 14:09:42,Chamber 1,28-031662211eff,22.625,T257,40C,off
11/30/2022 14:10:02,Chamber 1,28-031662211eff,22.625,T257,40C,off
11/30/2022 14:10:22,Chamber 1,28-031662211eff,22.625,T257,40C,off
11/30/2022 14:10:42,Chamber 1,28-031662211eff,22.625,T257,40C,off
11/30/2022 14:11:02,Chamber 1,28-031662211eff,22.625,T257,40C,off
11/30/2022 14:11:22,Chamber 1,28-031662211eff,22.625,T257,40C,off
11/30/2022 14:11:42,Chamber 1,28-031662211eff,22.625,T257,40C,off
11/30/2022 14:12:02,Chamber 1,28-031662211eff,22.625,T257,40C,off
11/30/2022 14:12:22,Chamber 1,28-031662211eff,22.625,T257,40C,off
11/30/2022 14:12:42,Chamber 1,28-031662211eff,22.625,T257,40C,off
11/30/2022 14:13:02,Chamber 1,28-031662211eff,22.625,T257,40C,off
11/30/2022 14:13:22,Chamber 1,28-031662211eff,22.625,T257,40C,off
11/30/2022 14:13:42,Chamber 1,28-031662211eff,22.625,T257,40C,off
11/30/2022 14:14:02,Chamber 1,28-031662211eff,22.625,T257,40C,off
11/30/2022 14:14:22,Chamber 1,28-031662211eff,22.625,T257,40C,off
11/30/2022 14:14:42,Chamber 1,28-031662211eff,22.625,T257,40C,off
11/30/2022 14:15:02,Chamber 1,28-031662211eff,22.625,T257,40C,off
11/30/2022 14:15:22,Chamber 1,28-031662211eff,22.625,T257,40C,off
11/30/2022 14:15:42,Chamber 1,28-031662211eff,22.625,T257,40C,off
11/30/2022 14:16:02,Chamber 1,28-031662211eff,22.625,T257,40C,off
11/30/2022 14:16:22,Chamber 1,28-031662211eff,22.625,T257,40C,off
11/30/2022 14:16:42,Chamber 1,28-031662211eff,22.625,T257,40C,off
11/30/2022 14:17:02,Chamber 1,28-031662211eff,22.625,T257,40C,off
11/30/2022 14:17:22,Chamber 1,28-031662211eff,22.625,T257,40C,off
11/30/2022 14:17:42,Chamber 1,28-031662211eff,22.625,T257,40C,off
11/30/2022 14:18:02,Chamber 1,28-031662211eff,22.625,T257,40C,off
11/30/2022 14:18:22,Chamber 1,28-031662211eff,22.625,T257,40C,off
11/30/2022 14:18:42,Chamber 1,28-031662211eff,22.625,T257,40C,off
11/30/2022 14:19:02,Chamber 1,28-031662211eff,22.625,T257,40C,off
11/30/2022 14:19:22,Chamber 1,28-031662211eff,22.625,T257,40C,off
11/30/2022 14:19:42,Chamber 1,28-031662211eff,22.625,T257,40C,off
11/30/2022 14:20:02,Chamber 1,28-031662211eff,22.625,T257,40C,off
11/30/2022 14:20:22,Chamber 1,28-031662211eff,22.625,T257,40C,off
11/30/2022 14:20:42,Chamber 1,28-031662211eff,22.625,T257,40C,off
11/30/2022 14:21:02,Chamber 1,28-031662211eff,22.625,T257,40C,off
11/30/2022 14:21:22,Chamber 1,28-031662211eff,22.625,T257,40C,off
11/30/2022 14:21:43,Chamber 1,28-031662211eff,22.625,T257,40C,off
11/30/2022 14:22:02,Chamber 1,28-031662211eff,22.625,T257,40C,off
11/30/2022 14:22:22,Chamber 1,28-031662211eff,22.625,T257,40C,off
11/30/2022 14:22:42,Chamber 1,28-031662211eff,22.625,T257,40C,off
11/30/2022 14:23:02,Chamber 1,28-031662211eff,22.625,T257,40C,off
11/30/2022 14:23:22,Chamber 1,28-031662211eff,22.625,T257,40C,off
11/30/2022 14:23:42,Chamber 1,28-031662211eff,22.625,T257,40C,off
11/30/2022 14:24:02,Chamber 1,28-031662211eff,22.625,T257,40C,off
11/30/2022 14:24:22,Chamber 1,28-031662211eff,22.625,T257,40C,off
11/30/2022 14:24:42,Chamber 1,28-031662211eff,22.625,T257,40C,off
11/30/2022 14:25:02,Chamber 1,28-031662211eff,22.625,T257,40C,off
11/30/2022 14:25:22,Chamber 1,28-031662211eff,22.625,T257,40C,off
11/30/2022 14:25:42,Chamber 1,28-031662211eff,22.625,T257,40C,off
11/30/2022 14:26:02,Chamber 1,28-031662211eff,22.625,T257,40C,off
11/30/2022 14:26:22,Chamber 1,28-031662211eff,22.625,T257,40C,off
11/30/2022 14:26:42,Chamber 1,28-031662211eff,22.625,T257,40C,off
11/30/2022 14:27:02,Chamber 1,28-031662211eff,22.625,T257,40C,off
11/30/2022 14:27:22,Chamber 1,28-031662211eff,22.562,T257,40C,off
11/30/2022 14:27:42,Chamber 1,28-031662211eff,22.562,T257,40C,off
11/30/2022 14:28:02,Chamber 1,28-031662211eff,22.562,T257,40C,off
11/30/2022 14:28:22,Chamber 1,28-031662211eff,22.562,T257,40C,off
11/30/2022 14:28:42,Chamber 1,28-031662211eff,22.562,T257,40C,off
11/30/2022 14:29:02,Chamber 1,28-031662211eff,22.562,T257,40C,off
11/30/2022 14:29:22,Chamber 1,28-031662211eff,22.562,T257,40C,off
11/30/2022 14:29:42,Chamber 1,28-031662211eff,22.562,T257,40C,off
11/30/2022 14:30:02,Chamber 1,28-031662211eff,22.562,T257,40C,off
11/30/2022 14:30:22,Chamber 1,28-031662211eff,22.562,T257,40C,off
11/30/2022 14:30:43,Chamber 1,28-031662211eff,22.625,T257,40C,off
11/30/2022 14:31:02,Chamber 1,28-031662211eff,22.562,T257,40C,off
11/30/2022 14:31:22,Chamber 1,28-031662211eff,22.562,T257,40C,off
11/30/2022 14:31:42,Chamber 1,28-031662211eff,22.562,T257,40C,off
11/30/2022 14:32:02,Chamber 1,28-031662211eff,22.562,T257,40C,off
11/30/2022 14:32:22,Chamber 1,28-031662211eff,22.562,T257,40C,off
11/30/2022 14:32:42,Chamber 1,28-031662211eff,22.562,T257,40C,off
11/30/2022 14:33:02,Chamber 1,28-031662211eff,22.562,T257,40C,off
11/30/2022 14:33:22,Chamber 1,28-031662211eff,22.562,T257,40C,off
11/30/2022 14:33:42,Chamber 1,28-031662211eff,22.562,T257,40C,off
11/30/2022 14:34:02,Chamber 1,28-031662211eff,22.562,T257,40C,off
11/30/2022 14:34:22,Chamber 1,28-031662211eff,22.562,T257,40C,off
11/30/2022 14:34:42,Chamber 1,28-031662211eff,22.562,T257,40C,off
11/30/2022 14:35:02,Chamber 1,28-031662211eff,22.562,T257,40C,off
11/30/2022 14:35:22,Chamber 1,28-031662211eff,22.562,T257,40C,off
11/30/2022 14:35:42,Chamber 1,28-031662211eff,22.562,T257,40C,off
11/30/2022 14:36:02,Chamber 1,28-031662211eff,22.562,T257,40C,off
11/30/2022 14:36:22,Chamber 1,28-031662211eff,22.562,T257,40C,off
11/30/2022 14:36:42,Chamber 1,28-031662211eff,22.562,T257,40C,off
11/30/2022 14:37:02,Chamber 1,28-031662211eff,22.562,T257,40C,off
11/30/2022 14:37:22,Chamber 1,28-031662211eff,22.562,T257,40C,off
11/30/2022 14:37:42,Chamber 1,28-031662211eff,22.562,T257,40C,off
11/30/2022 14:38:02,Chamber 1,28-031662211eff,22.562,T257,40C,off
11/30/2022 14:38:22,Chamber 1,28-031662211eff,22.562,T257,40C,off
11/30/2022 14:38:42,Chamber 1,28-031662211eff,22.562,T257,40C,off
11/30/2022 14:39:02,Chamber 1,28-031662211eff,22.562,T257,40C,off
11/30/2022 14:39:22,Chamber 1,28-031662211eff,22.562,T257,40C,off
11/30/2022 14:39:43,Chamber 1,28-031662211eff,22.562,T257,40C,off
11/30/2022 14:40:02,Chamber 1,28-031662211eff,22.562,T257,40C,off
11/30/2022 14:40:22,Chamber 1,28-031662211eff,22.562,T257,40C,off
11/30/2022 14:40:42,Chamber 1,28-031662211eff,22.562,T257,40C,off
11/30/2022 14:41:02,Chamber 1,28-031662211eff,22.562,T257,40C,off
11/30/2022 14:41:22,Chamber 1,28-031662211eff,22.562,T257,40C,off
11/30/2022 14:41:42,Chamber 1,28-031662211eff,22.562,T257,40C,off
11/30/2022 14:42:02,Chamber 1,28-031662211eff,22.562,T257,40C,off
11/30/2022 14:42:22,Chamber 1,28-031662211eff,22.562,T257,40C,off
11/30/2022 14:42:42,Chamber 1,28-031662211eff,22.562,T257,40C,off
11/30/2022 14:43:02,Chamber 1,28-031662211eff,22.562,T257,40C,off
11/30/2022 14:43:22,Chamber 1,28-031662211eff,22.562,T257,40C,off
11/30/2022 14:43:42,Chamber 1,28-031662211eff,22.562,T257,40C,off
11/30/2022 14:44:02,Chamber 1,28-031662211eff,22.562,T257,40C,off
11/30/2022 14:44:22,Chamber 1,28-031662211eff,22.562,T257,40C,off
11/30/2022 14:44:42,Chamber 1,28-031662211eff,22.562,T257,40C,off
11/30/2022 14:45:02,Chamber 1,28-031662211eff,22.562,T257,40C,off
11/30/2022 14:45:22,Chamber 1,28-031662211eff,22.562,T257,40C,off
11/30/2022 14:45:42,Chamber 1,28-031662211eff,22.562,T257,40C,off
11/30/2022 14:46:02,Chamber 1,28-031662211eff,22.562,T257,40C,off
11/30/2022 14:46:22,Chamber 1,28-031662211eff,22.562,T257,40C,off
11/30/2022 14:46:42,Chamber 1,28-031662211eff,22.562,T257,40C,off
11/30/2022 14:47:02,Chamber 1,28-031662211eff,22.562,T257,40C,off
11/30/2022 14:47:22,Chamber 1,28-031662211eff,22.562,T257,40C,off
11/30/2022 14:47:42,Chamber 1,28-031662211eff,22.562,T257,40C,off
11/30/2022 14:48:02,Chamber 1,28-031662211eff,22.562,T257,40C,off
11/30/2022 14:48:22,Chamber 1,28-031662211eff,22.562,T257,40C,off
11/30/2022 14:48:42,Chamber 1,28-031662211eff,22.562,T257,40C,off
11/30/2022 14:49:02,Chamber 1,28-031662211eff,22.562,T257,40C,off
11/30/2022 14:49:22,Chamber 1,28-031662211eff,22.562,T257,40C,off
11/30/2022 14:49:42,Chamber 1,28-031662211eff,22.562,T257,40C,off
11/30/2022 14:50:02,Chamber 1,28-031662211eff,22.562,T257,40C,off
11/30/2022 14:50:22,Chamber 1,28-031662211eff,22.5,T257,40C,off
11/30/2022 14:50:42,Chamber 1,28-031662211eff,22.562,T257,40C,off
11/30/2022 14:51:03,Chamber 1,28-031662211eff,22.562,T257,40C,off
11/30/2022 14:51:22,Chamber 1,28-031662211eff,22.562,T257,40C,off
11/30/2022 14:51:42,Chamber 1,28-031662211eff,22.562,T257,40C,off
11/30/2022 14:52:02,Chamber 1,28-031662211eff,22.562,T257,40C,off
11/30/2022 14:52:22,Chamber 1,28-031662211eff,22.562,T257,40C,off
11/30/2022 14:52:42,Chamber 1,28-031662211eff,22.5,T257,40C,off
11/30/2022 14:53:02,Chamber 1,28-031662211eff,22.5,T257,40C,off
11/30/2022 14:53:22,Chamber 1,28-031662211eff,22.5,T257,40C,off
11/30/2022 14:53:42,Chamber 1,28-031662211eff,22.562,T257,40C,off
11/30/2022 14:54:02,Chamber 1,28-031662211eff,22.5,T257,40C,off
11/30/2022 14:54:22,Chamber 1,28-031662211eff,22.5,T257,40C,off
11/30/2022 14:54:42,Chamber 1,28-031662211eff,22.5,T257,40C,off
11/30/2022 14:55:02,Chamber 1,28-031662211eff,22.5,T257,40C,off
11/30/2022 14:55:22,Chamber 1,28-031662211eff,22.5,T257,40C,off
11/30/2022 14:55:42,Chamber 1,28-031662211eff,22.5,T257,40C,off
11/30/2022 14:56:02,Chamber 1,28-031662211eff,22.5,T257,40C,off
11/30/2022 14:56:22,Chamber 1,28-031662211eff,22.5,T257,40C,off
11/30/2022 14:56:42,Chamber 1,28-031662211eff,22.5,T257,40C,off
11/30/2022 14:57:02,Chamber 1,28-031662211eff,22.5,T257,40C,off
11/30/2022 14:57:22,Chamber 1,28-031662211eff,22.5,T257,40C,off
11/30/2022 14:57:42,Chamber 1,28-031662211eff,22.5,T257,40C,off
11/30/2022 14:58:02,Chamber 1,28-031662211eff,22.5,T257,40C,off
11/30/2022 14:58:22,Chamber 1,28-031662211eff,22.5,T257,40C,off
11/30/2022 14:58:42,Chamber 1,28-031662211eff,22.5,T257,40C,off
11/30/2022 14:59:02,Chamber 1,28-031662211eff,22.5,T257,40C,off
11/30/2022 14:59:22,Chamber 1,28-031662211eff,22.5,T257,40C,off
11/30/2022 14:59:42,Chamber 1,28-031662211eff,22.5,T257,40C,off
11/30/2022 15:00:02,Chamber 1,28-031662211eff,22.5,T257,40C,off
11/30/2022 15:00:22,Chamber 1,28-031662211eff,22.5,T257,40C,off
11/30/2022 15:00:42,Chamber 1,28-031662211eff,22.5,T257,40C,off
11/30/2022 15:01:02,Chamber 1,28-031662211eff,22.5,T257,40C,off
11/30/2022 15:01:22,Chamber 1,28-031662211eff,22.5,T257,40C,off
11/30/2022 15:01:42,Chamber 1,28-031662211eff,22.5,T257,40C,off
11/30/2022 15:02:02,Chamber 1,28-031662211eff,22.5,T257,40C,off
11/30/2022 15:02:22,Chamber 1,28-031662211eff,22.5,T257,40C,off
11/30/2022 15:02:42,Chamber 1,28-031662211eff,22.5,T257,40C,off
11/30/2022 15:03:02,Chamber 1,28-031662211eff,22.5,T257,40C,off
11/30/2022 15:03:22,Chamber 1,28-031662211eff,22.5,T257,40C,off
11/30/2022 15:03:42,Chamber 1,28-031662211eff,22.5,T257,40C,off
11/30/2022 15:04:02,Chamber 1,28-031662211eff,22.5,T257,40C,off
11/30/2022 15:04:22,Chamber 1,28-031662211eff,22.5,T257,40C,off
11/30/2022 15:04:42,Chamber 1,28-031662211eff,22.5,T257,40C,off
11/30/2022 15:05:02,Chamber 1,28-031662211eff,22.5,T257,40C,off
11/30/2022 15:05:22,Chamber 1,28-031662211eff,22.5,T257,40C,off
11/30/2022 15:05:42,Chamber 1,28-031662211eff,22.5,T257,40C,off
11/30/2022 15:06:02,Chamber 1,28-031662211eff,22.5,T257,40C,off
11/30/2022 15:06:22,Chamber 1,28-031662211eff,22.5,T257,40C,off
11/30/2022 15:06:42,Chamber 1,28-031662211eff,22.5,T257,40C,off
11/30/2022 15:07:02,Chamber 1,28-031662211eff,22.5,T257,40C,off
11/30/2022 15:07:22,Chamber 1,28-031662211eff,22.5,T257,40C,off
11/30/2022 15:07:42,Chamber 1,28-031662211eff,22.5,T257,40C,off
11/30/2022 15:08:02,Chamber 1,28-031662211eff,22.5,T257,40C,off
11/30/2022 15:08:22,Chamber 1,28-031662211eff,22.5,T257,40C,off
11/30/2022 15:08:42,Chamber 1,28-031662211eff,22.5,T257,40C,off
11/30/2022 15:09:02,Chamber 1,28-031662211eff,22.5,T257,40C,off
11/30/2022 15:09:22,Chamber 1,28-031662211eff,22.5,T257,40C,off
11/30/2022 15:09:42,Chamber 1,28-031662211eff,22.5,T257,40C,off
11/30/2022 15:10:02,Chamber 1,28-031662211eff,22.5,T257,40C,off
11/30/2022 15:10:22,Chamber 1,28-031662211eff,22.5,T257,40C,off
11/30/2022 15:10:42,Chamber 1,28-031662211eff,22.5,T257,40C,off
11/30/2022 15:11:02,Chamber 1,28-031662211eff,22.5,T257,40C,off
11/30/2022 15:11:22,Chamber 1,28-031662211eff,22.5,T257,40C,off
11/30/2022 15:11:42,Chamber 1,28-031662211eff,22.5,T257,40C,off
11/30/2022 15:12:02,Chamber 1,28-031662211eff,22.5,T257,40C,off
11/30/2022 15:12:22,Chamber 1,28-031662211eff,22.5,T257,40C,off
11/30/2022 15:12:42,Chamber 1,28-031662211eff,22.5,T257,40C,off
11/30/2022 15:13:02,Chamber 1,28-031662211eff,22.5,T257,40C,off
11/30/2022 15:13:22,Chamber 1,28-031662211eff,22.5,T257,40C,off
11/30/2022 15:13:43,Chamber 1,28-031662211eff,22.5,T257,40C,off
11/30/2022 15:14:02,Chamber 1,28-031662211eff,22.5,T257,40C,off
11/30/2022 15:14:22,Chamber 1,28-031662211eff,22.5,T257,40C,off
11/30/2022 15:14:42,Chamber 1,28-031662211eff,22.5,T257,40C,off
11/30/2022 15:15:02,Chamber 1,28-031662211eff,22.5,T257,40C,off
11/30/2022 15:15:22,Chamber 1,28-031662211eff,22.5,T257,40C,off
11/30/2022 15:15:42,Chamber 1,28-031662211eff,22.5,T257,40C,off
11/30/2022 15:16:02,Chamber 1,28-031662211eff,22.5,T257,40C,off
11/30/2022 15:16:22,Chamber 1,28-031662211eff,22.5,T257,40C,off
11/30/2022 15:16:42,Chamber 1,28-031662211eff,22.5,T257,40C,off
11/30/2022 15:17:02,Chamber 1,28-031662211eff,22.5,T257,40C,off
11/30/2022 15:17:22,Chamber 1,28-031662211eff,22.5,T257,40C,off
11/30/2022 15:17:42,Chamber 1,28-031662211eff,22.5,T257,40C,off
11/30/2022 15:18:02,Chamber 1,28-031662211eff,22.5,T257,40C,off
11/30/2022 15:18:22,Chamber 1,28-031662211eff,22.5,T257,40C,off
11/30/2022 15:18:42,Chamber 1,28-031662211eff,22.5,T257,40C,off
11/30/2022 15:19:02,Chamber 1,28-031662211eff,22.5,T257,40C,off
11/30/2022 15:19:22,Chamber 1,28-031662211eff,22.5,T257,40C,off
11/30/2022 15:19:42,Chamber 1,28-031662211eff,22.5,T257,40C,off
11/30/2022 15:20:03,Chamber 1,28-031662211eff,22.5,T257,40C,off
11/30/2022 15:20:22,Chamber 1,28-031662211eff,22.5,T257,40C,off
11/30/2022 15:20:42,Chamber 1,28-031662211eff,22.5,T257,40C,off
11/30/2022 15:21:02,Chamber 1,28-031662211eff,22.5,T257,40C,off
11/30/2022 15:21:22,Chamber 1,28-031662211eff,22.5,T257,40C,off
11/30/2022 15:21:42,Chamber 1,28-031662211eff,22.5,T257,40C,off
11/30/2022 15:22:02,Chamber 1,28-031662211eff,22.5,T257,40C,off
11/30/2022 15:22:22,Chamber 1,28-031662211eff,22.5,T257,40C,off
11/30/2022 15:22:42,Chamber 1,28-031662211eff,22.562,T257,40C,off
11/30/2022 15:23:02,Chamber 1,28-031662211eff,22.5,T257,40C,off
11/30/2022 15:23:22,Chamber 1,28-031662211eff,22.5,T257,40C,off
11/30/2022 15:23:42,Chamber 1,28-031662211eff,22.562,T257,40C,off
11/30/2022 15:24:02,Chamber 1,28-031662211eff,22.562,T257,40C,off
11/30/2022 15:24:22,Chamber 1,28-031662211eff,22.562,T257,40C,off
11/30/2022 15:24:42,Chamber 1,28-031662211eff,22.562,T257,40C,off
11/30/2022 15:25:02,Chamber 1,28-031662211eff,22.562,T257,40C,off
11/30/2022 15:25:22,Chamber 1,28-031662211eff,22.562,T257,40C,off
11/30/2022 15:25:42,Chamber 1,28-031662211eff,22.562,T257,40C,off
11/30/2022 15:26:02,Chamber 1,28-031662211eff,22.562,T257,40C,off
11/30/2022 15:26:22,Chamber 1,28-031662211eff,22.562,T257,40C,off
11/30/2022 15:26:42,Chamber 1,28-031662211eff,22.562,T257,40C,off
11/30/2022 15:27:02,Chamber 1,28-031662211eff,22.562,T257,40C,off
11/30/2022 15:27:22,Chamber 1,28-031662211eff,22.562,T257,40C,off
11/30/2022 15:27:42,Chamber 1,28-031662211eff,22.562,T257,40C,off
11/30/2022 15:28:02,Chamber 1,28-031662211eff,22.562,T257,40C,off
11/30/2022 15:28:22,Chamber 1,28-031662211eff,22.562,T257,40C,off
11/30/2022 15:28:42,Chamber 1,28-031662211eff,22.562,T257,40C,off
11/30/2022 15:29:02,Chamber 1,28-031662211eff,22.562,T257,40C,off
11/30/2022 15:29:22,Chamber 1,28-031662211eff,22.562,T257,40C,off
11/30/2022 15:29:42,Chamber 1,28-031662211eff,22.562,T257,40C,off
11/30/2022 15:30:02,Chamber 1,28-031662211eff,22.562,T257,40C,off
11/30/2022 15:30:22,Chamber 1,28-031662211eff,22.562,T257,40C,off
11/30/2022 15:30:42,Chamber 1,28-031662211eff,22.562,T257,40C,off
11/30/2022 15:31:02,Chamber 1,28-031662211eff,22.562,T257,40C,off
11/30/2022 15:31:22,Chamber 1,28-031662211eff,22.562,T257,40C,off
11/30/2022 15:31:42,Chamber 1,28-031662211eff,22.562,T257,40C,off
11/30/2022 15:32:02,Chamber 1,28-031662211eff,22.562,T257,40C,off
11/30/2022 15:32:22,Chamber 1,28-031662211eff,22.562,T257,40C,off
11/30/2022 15:32:42,Chamber 1,28-031662211eff,22.562,T257,40C,off
11/30/2022 15:33:02,Chamber 1,28-031662211eff,22.562,T257,40C,off
11/30/2022 15:33:22,Chamber 1,28-031662211eff,22.562,T257,40C,off
11/30/2022 15:33:42,Chamber 1,28-031662211eff,22.562,T257,40C,off
11/30/2022 15:34:02,Chamber 1,28-031662211eff,22.562,T257,40C,off
11/30/2022 15:34:22,Chamber 1,28-031662211eff,22.562,T257,40C,off
11/30/2022 15:34:42,Chamber 1,28-031662211eff,22.562,T257,40C,off
11/30/2022 15:35:02,Chamber 1,28-031662211eff,22.562,T257,40C,off
11/30/2022 15:35:22,Chamber 1,28-031662211eff,22.562,T257,40C,off
11/30/2022 15:35:42,Chamber 1,28-031662211eff,22.625,T257,40C,off
11/30/2022 15:36:02,Chamber 1,28-031662211eff,22.625,T257,40C,off
11/30/2022 15:36:23,Chamber 1,28-031662211eff,22.562,T257,40C,off
11/30/2022 15:36:42,Chamber 1,28-031662211eff,22.562,T257,40C,off
11/30/2022 15:37:02,Chamber 1,28-031662211eff,22.625,T257,40C,off
11/30/2022 15:37:22,Chamber 1,28-031662211eff,22.562,T257,40C,off
11/30/2022 15:37:42,Chamber 1,28-031662211eff,22.625,T257,40C,off
11/30/2022 15:38:03,Chamber 1,28-031662211eff,22.562,T257,40C,off
11/30/2022 15:38:22,Chamber 1,28-031662211eff,22.562,T257,40C,off
11/30/2022 15:38:42,Chamber 1,28-031662211eff,22.562,T257,40C,off
11/30/2022 15:39:02,Chamber 1,28-031662211eff,22.562,T257,40C,off
11/30/2022 15:39:22,Chamber 1,28-031662211eff,22.625,T257,40C,off
11/30/2022 15:39:42,Chamber 1,28-031662211eff,22.562,T257,40C,off
11/30/2022 15:40:02,Chamber 1,28-031662211eff,22.562,T257,40C,off
11/30/2022 15:40:22,Chamber 1,28-031662211eff,22.562,T257,40C,off
11/30/2022 15:40:42,Chamber 1,28-031662211eff,22.562,T257,40C,off
11/30/2022 15:41:02,Chamber 1,28-031662211eff,22.562,T257,40C,off
11/30/2022 15:41:22,Chamber 1,28-031662211eff,22.562,T257,40C,off
11/30/2022 15:41:42,Chamber 1,28-031662211eff,22.562,T257,40C,off
11/30/2022 15:42:02,Chamber 1,28-031662211eff,22.562,T257,40C,off
11/30/2022 15:42:22,Chamber 1,28-031662211eff,22.562,T257,40C,off
11/30/2022 15:42:42,Chamber 1,28-031662211eff,22.562,T257,40C,off
11/30/2022 15:43:02,Chamber 1,28-031662211eff,22.562,T257,40C,off
11/30/2022 15:43:22,Chamber 1,28-031662211eff,22.562,T257,40C,off
11/30/2022 15:43:42,Chamber 1,28-031662211eff,22.562,T257,40C,off
11/30/2022 15:44:02,Chamber 1,28-031662211eff,22.562,T257,40C,off
11/30/2022 15:44:23,Chamber 1,28-031662211eff,22.562,T257,40C,off
11/30/2022 15:44:42,Chamber 1,28-031662211eff,22.562,T257,40C,off
11/30/2022 15:45:02,Chamber 1,28-031662211eff,22.562,T257,40C,off
11/30/2022 15:45:22,Chamber 1,28-031662211eff,22.562,T257,40C,off
11/30/2022 15:45:42,Chamber 1,28-031662211eff,22.562,T257,40C,off
11/30/2022 15:46:02,Chamber 1,28-031662211eff,22.562,T257,40C,off
11/30/2022 15:46:22,Chamber 1,28-031662211eff,22.562,T257,40C,off
11/30/2022 15:46:42,Chamber 1,28-031662211eff,22.562,T257,40C,off
11/30/2022 15:47:02,Chamber 1,28-031662211eff,22.562,T257,40C,off
11/30/2022 15:47:22,Chamber 1,28-031662211eff,22.562,T257,40C,off
11/30/2022 15:47:42,Chamber 1,28-031662211eff,22.562,T257,40C,off
11/30/2022 15:48:02,Chamber 1,28-031662211eff,22.562,T257,40C,off
11/30/2022 15:48:22,Chamber 1,28-031662211eff,22.625,T257,40C,off
11/30/2022 15:48:43,Chamber 1,28-031662211eff,22.625,T257,40C,off
11/30/2022 15:49:02,Chamber 1,28-031662211eff,22.562,T257,40C,off
11/30/2022 15:49:22,Chamber 1,28-031662211eff,22.562,T257,40C,off
11/30/2022 15:49:42,Chamber 1,28-031662211eff,22.562,T257,40C,off
11/30/2022 15:50:02,Chamber 1,28-031662211eff,22.625,T257,40C,off
11/30/2022 15:50:23,Chamber 1,28-031662211eff,22.562,T257,40C,off
11/30/2022 15:50:42,Chamber 1,28-031662211eff,22.625,T257,40C,off
11/30/2022 15:51:02,Chamber 1,28-031662211eff,22.625,T257,40C,off
11/30/2022 15:51:22,Chamber 1,28-031662211eff,22.625,T257,40C,off
11/30/2022 15:51:42,Chamber 1,28-031662211eff,22.625,T257,40C,off
11/30/2022 15:52:02,Chamber 1,28-031662211eff,22.625,T257,40C,off
11/30/2022 15:52:22,Chamber 1,28-031662211eff,22.625,T257,40C,off
11/30/2022 15:52:42,Chamber 1,28-031662211eff,22.625,T257,40C,off
11/30/2022 15:53:02,Chamber 1,28-031662211eff,22.625,T257,40C,off
11/30/2022 15:53:22,Chamber 1,28-031662211eff,22.625,T257,40C,off
11/30/2022 15:53:42,Chamber 1,28-031662211eff,22.625,T257,40C,off
11/30/2022 15:54:02,Chamber 1,28-031662211eff,22.625,T257,40C,off
11/30/2022 15:54:22,Chamber 1,28-031662211eff,22.625,T257,40C,off
11/30/2022 15:54:42,Chamber 1,28-031662211eff,22.625,T257,40C,off
11/30/2022 15:55:02,Chamber 1,28-031662211eff,22.625,T257,40C,off
11/30/2022 15:55:23,Chamber 1,28-031662211eff,22.625,T257,40C,off
11/30/2022 15:55:42,Chamber 1,28-031662211eff,22.625,T257,40C,off
11/30/2022 15:56:02,Chamber 1,28-031662211eff,22.625,T257,40C,off
11/30/2022 15:56:22,Chamber 1,28-031662211eff,22.625,T257,40C,off
11/30/2022 15:56:42,Chamber 1,28-031662211eff,22.625,T257,40C,off
11/30/2022 15:57:02,Chamber 1,28-031662211eff,22.625,T257,40C,off
11/30/2022 15:57:22,Chamber 1,28-031662211eff,22.625,T257,40C,off
11/30/2022 15:57:42,Chamber 1,28-031662211eff,22.625,T257,40C,off
11/30/2022 15:58:03,Chamber 1,28-031662211eff,22.625,T257,40C,off
11/30/2022 15:58:22,Chamber 1,28-031662211eff,22.625,T257,40C,off
11/30/2022 15:58:42,Chamber 1,28-031662211eff,22.625,T257,40C,off
11/30/2022 15:59:02,Chamber 1,28-031662211eff,22.625,T257,40C,off
11/30/2022 15:59:22,Chamber 1,28-031662211eff,22.625,T257,40C,off
11/30/2022 15:59:42,Chamber 1,28-031662211eff,22.625,T257,40C,off
11/30/2022 16:00:02,Chamber 1,28-031662211eff,22.625,T257,40C,off
11/30/2022 16:00:22,Chamber 1,28-031662211eff,22.625,T257,40C,off
11/30/2022 16:00:42,Chamber 1,28-031662211eff,22.625,T257,40C,off
11/30/2022 16:01:02,Chamber 1,28-031662211eff,22.625,T257,40C,off
11/30/2022 16:01:22,Chamber 1,28-031662211eff,22.625,T257,40C,off
11/30/2022 16:01:42,Chamber 1,28-031662211eff,22.625,T257,40C,off
11/30/2022 16:02:02,Chamber 1,28-031662211eff,22.625,T257,40C,off
11/30/2022 16:02:22,Chamber 1,28-031662211eff,22.625,T257,40C,off
11/30/2022 16:02:42,Chamber 1,28-031662211eff,22.625,T257,40C,off
11/30/2022 16:03:02,Chamber 1,28-031662211eff,22.625,T257,40C,off
11/30/2022 16:03:22,Chamber 1,28-031662211eff,22.625,T257,40C,off
11/30/2022 16:03:42,Chamber 1,28-031662211eff,22.625,T257,40C,off
11/30/2022 16:04:02,Chamber 1,28-031662211eff,22.625,T257,40C,off
11/30/2022 16:04:22,Chamber 1,28-031662211eff,22.625,T257,40C,off
11/30/2022 16:04:42,Chamber 1,28-031662211eff,22.625,T257,40C,off
11/30/2022 16:05:02,Chamber 1,28-031662211eff,22.625,T257,40C,off
11/30/2022 16:05:22,Chamber 1,28-031662211eff,22.625,T257,40C,off
11/30/2022 16:05:42,Chamber 1,28-031662211eff,22.625,T257,40C,off
11/30/2022 16:06:02,Chamber 1,28-031662211eff,22.625,T257,40C,off
11/30/2022 16:06:22,Chamber 1,28-031662211eff,22.687,T257,40C,off
11/30/2022 16:06:42,Chamber 1,28-031662211eff,22.687,T257,40C,off
11/30/2022 16:07:02,Chamber 1,28-031662211eff,22.687,T257,40C,off
11/30/2022 16:07:23,Chamber 1,28-031662211eff,22.687,T257,40C,off
11/30/2022 16:07:42,Chamber 1,28-031662211eff,22.687,T257,40C,off
11/30/2022 16:08:02,Chamber 1,28-031662211eff,22.687,T257,40C,off
11/30/2022 16:08:22,Chamber 1,28-031662211eff,22.687,T257,40C,off
11/30/2022 16:08:42,Chamber 1,28-031662211eff,22.687,T257,40C,off
11/30/2022 16:09:02,Chamber 1,28-031662211eff,22.687,T257,40C,off
11/30/2022 16:09:22,Chamber 1,28-031662211eff,22.687,T257,40C,off
11/30/2022 16:09:42,Chamber 1,28-031662211eff,22.687,T257,40C,off
11/30/2022 16:10:02,Chamber 1,28-031662211eff,22.687,T257,40C,off
11/30/2022 16:10:22,Chamber 1,28-031662211eff,22.687,T257,40C,off
11/30/2022 16:10:42,Chamber 1,28-031662211eff,22.687,T257,40C,off
11/30/2022 16:11:02,Chamber 1,28-031662211eff,22.687,T257,40C,off
11/30/2022 16:11:22,Chamber 1,28-031662211eff,22.687,T257,40C,off
11/30/2022 16:11:42,Chamber 1,28-031662211eff,22.687,T257,40C,off
11/30/2022 16:12:02,Chamber 1,28-031662211eff,22.687,T257,40C,off
11/30/2022 16:12:22,Chamber 1,28-031662211eff,22.687,T257,40C,off
11/30/2022 16:12:42,Chamber 1,28-031662211eff,22.687,T257,40C,off
11/30/2022 16:13:02,Chamber 1,28-031662211eff,22.687,T257,40C,off
11/30/2022 16:13:22,Chamber 1,28-031662211eff,22.687,T257,40C,off
11/30/2022 16:13:42,Chamber 1,28-031662211eff,22.687,T257,40C,off
11/30/2022 16:14:02,Chamber 1,28-031662211eff,22.687,T257,40C,off
11/30/2022 16:14:22,Chamber 1,28-031662211eff,22.687,T257,40C,off
11/30/2022 16:14:42,Chamber 1,28-031662211eff,22.687,T257,40C,off
11/30/2022 16:15:02,Chamber 1,28-031662211eff,22.687,T257,40C,off
11/30/2022 16:15:22,Chamber 1,28-031662211eff,22.687,T257,40C,off
11/30/2022 16:15:42,Chamber 1,28-031662211eff,22.687,T257,40C,off
11/30/2022 16:16:02,Chamber 1,28-031662211eff,22.687,T257,40C,off
11/30/2022 16:16:22,Chamber 1,28-031662211eff,22.687,T257,40C,off
11/30/2022 16:16:42,Chamber 1,28-031662211eff,22.687,T257,40C,off
11/30/2022 16:17:02,Chamber 1,28-031662211eff,22.687,T257,40C,off
11/30/2022 16:17:22,Chamber 1,28-031662211eff,22.687,T257,40C,off
11/30/2022 16:17:42,Chamber 1,28-031662211eff,22.687,T257,40C,off
11/30/2022 16:18:02,Chamber 1,28-031662211eff,22.687,T257,40C,off
11/30/2022 16:18:22,Chamber 1,28-031662211eff,22.687,T257,40C,off
11/30/2022 16:18:42,Chamber 1,28-031662211eff,22.687,T257,40C,off
11/30/2022 16:19:02,Chamber 1,28-031662211eff,22.687,T257,40C,off
11/30/2022 16:19:22,Chamber 1,28-031662211eff,22.687,T257,40C,off
11/30/2022 16:19:42,Chamber 1,28-031662211eff,22.687,T257,40C,off
11/30/2022 16:20:02,Chamber 1,28-031662211eff,22.687,T257,40C,off
11/30/2022 16:20:22,Chamber 1,28-031662211eff,22.687,T257,40C,off
11/30/2022 16:20:42,Chamber 1,28-031662211eff,22.687,T257,40C,off
11/30/2022 16:21:02,Chamber 1,28-031662211eff,22.687,T257,40C,off
11/30/2022 16:21:22,Chamber 1,28-031662211eff,22.687,T257,40C,off
11/30/2022 16:21:42,Chamber 1,28-031662211eff,22.687,T257,40C,off
11/30/2022 16:22:02,Chamber 1,28-031662211eff,22.687,T257,40C,off
11/30/2022 16:22:23,Chamber 1,28-031662211eff,22.687,T257,40C,off
11/30/2022 16:22:42,Chamber 1,28-031662211eff,22.687,T257,40C,off
11/30/2022 16:23:02,Chamber 1,28-031662211eff,22.687,T257,40C,off
11/30/2022 16:23:22,Chamber 1,28-031662211eff,22.687,T257,40C,off
11/30/2022 16:23:42,Chamber 1,28-031662211eff,22.687,T257,40C,off
11/30/2022 16:24:02,Chamber 1,28-031662211eff,22.687,T257,40C,off
11/30/2022 16:24:22,Chamber 1,28-031662211eff,22.687,T257,40C,off
11/30/2022 16:24:42,Chamber 1,28-031662211eff,22.687,T257,40C,off
11/30/2022 16:25:02,Chamber 1,28-031662211eff,22.687,T257,40C,off
11/30/2022 16:25:22,Chamber 1,28-031662211eff,22.687,T257,40C,off
11/30/2022 16:25:42,Chamber 1,28-031662211eff,22.687,T257,40C,off
11/30/2022 16:26:02,Chamber 1,28-031662211eff,22.687,T257,40C,off
11/30/2022 16:26:22,Chamber 1,28-031662211eff,22.687,T257,40C,off
11/30/2022 16:26:42,Chamber 1,28-031662211eff,22.687,T257,40C,off
11/30/2022 16:27:02,Chamber 1,28-031662211eff,22.687,T257,40C,off
11/30/2022 16:27:22,Chamber 1,28-031662211eff,22.687,T257,40C,off
11/30/2022 16:27:42,Chamber 1,28-031662211eff,22.687,T257,40C,off
11/30/2022 16:28:02,Chamber 1,28-031662211eff,22.687,T257,40C,off
11/30/2022 16:28:22,Chamber 1,28-031662211eff,22.687,T257,40C,off
11/30/2022 16:28:42,Chamber 1,28-031662211eff,22.687,T257,40C,off
11/30/2022 16:29:02,Chamber 1,28-031662211eff,22.687,T257,40C,off
11/30/2022 16:29:23,Chamber 1,28-031662211eff,22.687,T257,40C,off
11/30/2022 16:29:42,Chamber 1,28-031662211eff,22.687,T257,40C,off
11/30/2022 16:30:02,Chamber 1,28-031662211eff,22.687,T257,40C,off
11/30/2022 16:30:23,Chamber 1,28-031662211eff,22.687,T257,40C,off
11/30/2022 16:30:42,Chamber 1,28-031662211eff,22.687,T257,40C,off
11/30/2022 16:31:02,Chamber 1,28-031662211eff,22.687,T257,40C,off
11/30/2022 16:31:22,Chamber 1,28-031662211eff,22.687,T257,40C,off
11/30/2022 16:31:42,Chamber 1,28-031662211eff,22.687,T257,40C,off
11/30/2022 16:32:02,Chamber 1,28-031662211eff,22.687,T257,40C,off
11/30/2022 16:32:22,Chamber 1,28-031662211eff,22.687,T257,40C,off
11/30/2022 16:32:42,Chamber 1,28-031662211eff,22.687,T257,40C,off
11/30/2022 16:33:02,Chamber 1,28-031662211eff,22.687,T257,40C,off
11/30/2022 16:33:22,Chamber 1,28-031662211eff,22.687,T257,40C,off
11/30/2022 16:33:42,Chamber 1,28-031662211eff,22.687,T257,40C,off
11/30/2022 16:34:02,Chamber 1,28-031662211eff,22.687,T257,40C,off
11/30/2022 16:34:22,Chamber 1,28-031662211eff,22.687,T257,40C,off
11/30/2022 16:34:42,Chamber 1,28-031662211eff,22.687,T257,40C,off
11/30/2022 16:35:02,Chamber 1,28-031662211eff,22.687,T257,40C,off
11/30/2022 16:35:22,Chamber 1,28-031662211eff,22.687,T257,40C,off
11/30/2022 16:35:42,Chamber 1,28-031662211eff,22.687,T257,40C,off
11/30/2022 16:36:02,Chamber 1,28-031662211eff,22.687,T257,40C,off
11/30/2022 16:36:22,Chamber 1,28-031662211eff,22.687,T257,40C,off
11/30/2022 16:36:42,Chamber 1,28-031662211eff,22.687,T257,40C,off
11/30/2022 16:37:02,Chamber 1,28-031662211eff,22.687,T257,40C,off
11/30/2022 16:37:22,Chamber 1,28-031662211eff,22.687,T257,40C,off
11/30/2022 16:37:42,Chamber 1,28-031662211eff,22.687,T257,40C,off
11/30/2022 16:38:02,Chamber 1,28-031662211eff,22.687,T257,40C,off
11/30/2022 16:38:22,Chamber 1,28-031662211eff,22.687,T257,40C,off
11/30/2022 16:38:42,Chamber 1,28-031662211eff,22.687,T257,40C,off
11/30/2022 16:39:02,Chamber 1,28-031662211eff,22.687,T257,40C,off
11/30/2022 16:39:22,Chamber 1,28-031662211eff,22.687,T257,40C,off
11/30/2022 16:39:42,Chamber 1,28-031662211eff,22.687,T257,40C,off
11/30/2022 16:40:02,Chamber 1,28-031662211eff,22.687,T257,40C,off
11/30/2022 16:40:22,Chamber 1,28-031662211eff,22.687,T257,40C,off
11/30/2022 16:40:42,Chamber 1,28-031662211eff,22.687,T257,40C,off
11/30/2022 16:41:02,Chamber 1,28-031662211eff,22.687,T257,40C,off
11/30/2022 16:41:22,Chamber 1,28-031662211eff,22.687,T257,40C,off
11/30/2022 16:41:43,Chamber 1,28-031662211eff,22.687,T257,40C,off
11/30/2022 16:42:02,Chamber 1,28-031662211eff,22.687,T257,40C,off
11/30/2022 16:42:22,Chamber 1,28-031662211eff,22.687,T257,40C,off
11/30/2022 16:42:43,Chamber 1,28-031662211eff,22.687,T257,40C,off
11/30/2022 16:43:04,Chamber 1,28-031662211eff,22.687,T257,40C,off
11/30/2022 16:43:22,Chamber 1,28-031662211eff,22.687,T257,40C,off
11/30/2022 16:43:42,Chamber 1,28-031662211eff,22.687,T257,40C,off
11/30/2022 16:44:02,Chamber 1,28-031662211eff,22.687,T257,40C,off
11/30/2022 16:44:22,Chamber 1,28-031662211eff,22.687,T257,40C,off
11/30/2022 16:44:42,Chamber 1,28-031662211eff,22.687,T257,40C,off
11/30/2022 16:45:02,Chamber 1,28-031662211eff,22.687,T257,40C,off
11/30/2022 16:45:22,Chamber 1,28-031662211eff,22.687,T257,40C,off
11/30/2022 16:45:42,Chamber 1,28-031662211eff,22.687,T257,40C,off
11/30/2022 16:46:02,Chamber 1,28-031662211eff,22.687,T257,40C,off
11/30/2022 16:46:23,Chamber 1,28-031662211eff,22.687,T257,40C,off
11/30/2022 16:46:42,Chamber 1,28-031662211eff,22.687,T257,40C,off
11/30/2022 16:47:02,Chamber 1,28-031662211eff,22.687,T257,40C,off
11/30/2022 16:47:22,Chamber 1,28-031662211eff,22.687,T257,40C,off
11/30/2022 16:47:42,Chamber 1,28-031662211eff,22.687,T257,40C,off
11/30/2022 16:48:02,Chamber 1,28-031662211eff,22.687,T257,40C,off
11/30/2022 16:48:22,Chamber 1,28-031662211eff,22.687,T257,40C,off
11/30/2022 16:48:42,Chamber 1,28-031662211eff,22.687,T257,40C,off
11/30/2022 16:49:02,Chamber 1,28-031662211eff,22.687,T257,40C,off
11/30/2022 16:49:22,Chamber 1,28-031662211eff,22.687,T257,40C,off
11/30/2022 16:49:42,Chamber 1,28-031662211eff,22.687,T257,40C,off
11/30/2022 16:50:02,Chamber 1,28-031662211eff,22.687,T257,40C,off
11/30/2022 16:50:22,Chamber 1,28-031662211eff,22.687,T257,40C,off
11/30/2022 16:50:42,Chamber 1,28-031662211eff,22.687,T257,40C,off
11/30/2022 16:51:02,Chamber 1,28-031662211eff,22.687,T257,40C,off
11/30/2022 16:51:22,Chamber 1,28-031662211eff,22.687,T257,40C,off
11/30/2022 16:51:42,Chamber 1,28-031662211eff,22.687,T257,40C,off
11/30/2022 16:52:02,Chamber 1,28-031662211eff,22.687,T257,40C,off
11/30/2022 16:52:22,Chamber 1,28-031662211eff,22.687,T257,40C,off
11/30/2022 16:52:42,Chamber 1,28-031662211eff,22.687,T257,40C,off
11/30/2022 16:53:02,Chamber 1,28-031662211eff,22.687,T257,40C,off
11/30/2022 16:53:22,Chamber 1,28-031662211eff,22.687,T257,40C,off
11/30/2022 16:53:42,Chamber 1,28-031662211eff,22.687,T257,40C,off
11/30/2022 16:54:02,Chamber 1,28-031662211eff,22.687,T257,40C,off
11/30/2022 16:54:22,Chamber 1,28-031662211eff,22.687,T257,40C,off
11/30/2022 16:54:42,Chamber 1,28-031662211eff,22.687,T257,40C,off
11/30/2022 16:55:02,Chamber 1,28-031662211eff,22.687,T257,40C,off
11/30/2022 16:55:22,Chamber 1,28-031662211eff,22.687,T257,40C,off
11/30/2022 16:55:42,Chamber 1,28-031662211eff,22.687,T257,40C,off
11/30/2022 16:56:02,Chamber 1,28-031662211eff,22.687,T257,40C,off
11/30/2022 16:56:22,Chamber 1,28-031662211eff,22.687,T257,40C,off
11/30/2022 16:56:42,Chamber 1,28-031662211eff,22.687,T257,40C,off
11/30/2022 16:57:02,Chamber 1,28-031662211eff,22.687,T257,40C,off
11/30/2022 16:57:22,Chamber 1,28-031662211eff,22.687,T257,40C,off
11/30/2022 16:57:42,Chamber 1,28-031662211eff,22.687,T257,40C,off
11/30/2022 16:58:02,Chamber 1,28-031662211eff,22.687,T257,40C,off
11/30/2022 16:58:22,Chamber 1,28-031662211eff,22.687,T257,40C,off
11/30/2022 16:58:42,Chamber 1,28-031662211eff,22.687,T257,40C,off
11/30/2022 16:59:02,Chamber 1,28-031662211eff,22.687,T257,40C,off
11/30/2022 16:59:22,Chamber 1,28-031662211eff,22.687,T257,40C,off
11/30/2022 16:59:42,Chamber 1,28-031662211eff,22.687,T257,40C,off
11/30/2022 17:00:02,Chamber 1,28-031662211eff,22.687,T257,40C,off
11/30/2022 17:00:22,Chamber 1,28-031662211eff,22.687,T257,40C,off
11/30/2022 17:00:42,Chamber 1,28-031662211eff,22.687,T257,40C,off
11/30/2022 17:01:02,Chamber 1,28-031662211eff,22.687,T257,40C,off
11/30/2022 17:01:22,Chamber 1,28-031662211eff,22.687,T257,40C,off
11/30/2022 17:01:42,Chamber 1,28-031662211eff,22.687,T257,40C,off
11/30/2022 17:02:02,Chamber 1,28-031662211eff,22.687,T257,40C,off
11/30/2022 17:02:22,Chamber 1,28-031662211eff,22.687,T257,40C,off
11/30/2022 17:02:42,Chamber 1,28-031662211eff,22.687,T257,40C,off
11/30/2022 17:03:03,Chamber 1,28-031662211eff,22.687,T257,40C,off
11/30/2022 17:03:22,Chamber 1,28-031662211eff,22.687,T257,40C,off
11/30/2022 17:03:42,Chamber 1,28-031662211eff,22.687,T257,40C,off
11/30/2022 17:04:02,Chamber 1,28-031662211eff,22.687,T257,40C,off
11/30/2022 17:04:22,Chamber 1,28-031662211eff,22.687,T257,40C,off
11/30/2022 17:04:42,Chamber 1,28-031662211eff,22.687,T257,40C,off
11/30/2022 17:05:02,Chamber 1,28-031662211eff,22.687,T257,40C,off
11/30/2022 17:05:22,Chamber 1,28-031662211eff,22.687,T257,40C,off
11/30/2022 17:05:42,Chamber 1,28-031662211eff,22.687,T257,40C,off
11/30/2022 17:06:02,Chamber 1,28-031662211eff,22.687,T257,40C,off
11/30/2022 17:06:22,Chamber 1,28-031662211eff,22.687,T257,40C,off
11/30/2022 17:06:42,Chamber 1,28-031662211eff,22.687,T257,40C,off
11/30/2022 17:07:02,Chamber 1,28-031662211eff,22.687,T257,40C,off
11/30/2022 17:07:22,Chamber 1,28-031662211eff,22.687,T257,40C,off
11/30/2022 17:07:42,Chamber 1,28-031662211eff,22.687,T257,40C,off
11/30/2022 17:08:02,Chamber 1,28-031662211eff,22.687,T257,40C,off
11/30/2022 17:08:22,Chamber 1,28-031662211eff,22.687,T257,40C,off
11/30/2022 17:08:42,Chamber 1,28-031662211eff,22.687,T257,40C,off
11/30/2022 17:09:02,Chamber 1,28-031662211eff,22.687,T257,40C,off
11/30/2022 17:09:22,Chamber 1,28-031662211eff,22.687,T257,40C,off
11/30/2022 17:09:42,Chamber 1,28-031662211eff,22.687,T257,40C,off
11/30/2022 17:10:02,Chamber 1,28-031662211eff,22.687,T257,40C,off
11/30/2022 17:10:22,Chamber 1,28-031662211eff,22.687,T257,40C,off
11/30/2022 17:10:42,Chamber 1,28-031662211eff,22.687,T257,40C,off
11/30/2022 17:11:02,Chamber 1,28-031662211eff,22.687,T257,40C,off
11/30/2022 17:11:22,Chamber 1,28-031662211eff,22.687,T257,40C,off
11/30/2022 17:11:42,Chamber 1,28-031662211eff,22.687,T257,40C,off
11/30/2022 17:12:02,Chamber 1,28-031662211eff,22.687,T257,40C,off
11/30/2022 17:12:22,Chamber 1,28-031662211eff,22.687,T257,40C,off
11/30/2022 17:12:42,Chamber 1,28-031662211eff,22.75,T257,40C,off
11/30/2022 17:13:02,Chamber 1,28-031662211eff,22.687,T257,40C,off
11/30/2022 17:13:22,Chamber 1,28-031662211eff,22.687,T257,40C,off
11/30/2022 17:13:42,Chamber 1,28-031662211eff,22.687,T257,40C,off
11/30/2022 17:14:02,Chamber 1,28-031662211eff,22.75,T257,40C,off
11/30/2022 17:14:22,Chamber 1,28-031662211eff,22.75,T257,40C,off
11/30/2022 17:14:42,Chamber 1,28-031662211eff,22.687,T257,40C,off
11/30/2022 17:15:02,Chamber 1,28-031662211eff,22.687,T257,40C,off
11/30/2022 17:15:22,Chamber 1,28-031662211eff,22.687,T257,40C,off
11/30/2022 17:15:42,Chamber 1,28-031662211eff,22.75,T257,40C,off
11/30/2022 17:16:02,Chamber 1,28-031662211eff,22.687,T257,40C,off
11/30/2022 17:16:22,Chamber 1,28-031662211eff,22.687,T257,40C,off
11/30/2022 17:16:42,Chamber 1,28-031662211eff,22.75,T257,40C,off
11/30/2022 17:17:02,Chamber 1,28-031662211eff,22.687,T257,40C,off
11/30/2022 17:17:22,Chamber 1,28-031662211eff,22.75,T257,40C,off
11/30/2022 17:17:42,Chamber 1,28-031662211eff,22.75,T257,40C,off
11/30/2022 17:18:02,Chamber 1,28-031662211eff,22.75,T257,40C,off
11/30/2022 17:18:22,Chamber 1,28-031662211eff,22.687,T257,40C,off
11/30/2022 17:18:42,Chamber 1,28-031662211eff,22.687,T257,40C,off
11/30/2022 17:19:02,Chamber 1,28-031662211eff,22.75,T257,40C,off
11/30/2022 17:19:22,Chamber 1,28-031662211eff,22.75,T257,40C,off
11/30/2022 17:19:42,Chamber 1,28-031662211eff,22.75,T257,40C,off
11/30/2022 17:20:02,Chamber 1,28-031662211eff,22.75,T257,40C,off
11/30/2022 17:20:22,Chamber 1,28-031662211eff,22.75,T257,40C,off
11/30/2022 17:20:42,Chamber 1,28-031662211eff,22.75,T257,40C,off
11/30/2022 17:21:02,Chamber 1,28-031662211eff,22.75,T257,40C,off
11/30/2022 17:21:22,Chamber 1,28-031662211eff,22.75,T257,40C,off
11/30/2022 17:21:42,Chamber 1,28-031662211eff,22.75,T257,40C,off
11/30/2022 17:22:02,Chamber 1,28-031662211eff,22.75,T257,40C,off
11/30/2022 17:22:22,Chamber 1,28-031662211eff,22.75,T257,40C,off
11/30/2022 17:22:42,Chamber 1,28-031662211eff,22.75,T257,40C,off
11/30/2022 17:23:02,Chamber 1,28-031662211eff,22.75,T257,40C,off
11/30/2022 17:23:22,Chamber 1,28-031662211eff,22.75,T257,40C,off
11/30/2022 17:23:42,Chamber 1,28-031662211eff,22.75,T257,40C,off
11/30/2022 17:24:02,Chamber 1,28-031662211eff,22.75,T257,40C,off
11/30/2022 17:24:22,Chamber 1,28-031662211eff,22.75,T257,40C,off
11/30/2022 17:24:42,Chamber 1,28-031662211eff,22.75,T257,40C,off
11/30/2022 17:25:02,Chamber 1,28-031662211eff,22.75,T257,40C,off
11/30/2022 17:25:22,Chamber 1,28-031662211eff,22.75,T257,40C,off
11/30/2022 17:25:42,Chamber 1,28-031662211eff,22.75,T257,40C,off
11/30/2022 17:26:02,Chamber 1,28-031662211eff,22.75,T257,40C,off
11/30/2022 17:26:22,Chamber 1,28-031662211eff,22.75,T257,40C,off
11/30/2022 17:26:42,Chamber 1,28-031662211eff,22.75,T257,40C,off
11/30/2022 17:27:02,Chamber 1,28-031662211eff,22.75,T257,40C,off
11/30/2022 17:27:22,Chamber 1,28-031662211eff,22.75,T257,40C,off
11/30/2022 17:27:42,Chamber 1,28-031662211eff,22.75,T257,40C,off
11/30/2022 17:28:02,Chamber 1,28-031662211eff,22.75,T257,40C,off
11/30/2022 17:28:22,Chamber 1,28-031662211eff,22.75,T257,40C,off
11/30/2022 17:28:42,Chamber 1,28-031662211eff,22.75,T257,40C,off
11/30/2022 17:29:02,Chamber 1,28-031662211eff,22.75,T257,40C,off
11/30/2022 17:29:22,Chamber 1,28-031662211eff,22.75,T257,40C,off
11/30/2022 17:29:42,Chamber 1,28-031662211eff,22.75,T257,40C,off
11/30/2022 17:30:02,Chamber 1,28-031662211eff,22.75,T257,40C,off
11/30/2022 17:30:22,Chamber 1,28-031662211eff,22.75,T257,40C,off
11/30/2022 17:30:42,Chamber 1,28-031662211eff,22.75,T257,40C,off
11/30/2022 17:31:02,Chamber 1,28-031662211eff,22.75,T257,40C,off
11/30/2022 17:31:22,Chamber 1,28-031662211eff,22.75,T257,40C,off
11/30/2022 17:31:42,Chamber 1,28-031662211eff,22.75,T257,40C,off
11/30/2022 17:32:03,Chamber 1,28-031662211eff,22.75,T257,40C,off
11/30/2022 17:32:22,Chamber 1,28-031662211eff,22.75,T257,40C,off
11/30/2022 17:32:42,Chamber 1,28-031662211eff,22.75,T257,40C,off
11/30/2022 17:33:03,Chamber 1,28-031662211eff,22.75,T257,40C,off
11/30/2022 17:33:22,Chamber 1,28-031662211eff,22.75,T257,40C,off
11/30/2022 17:33:42,Chamber 1,28-031662211eff,22.75,T257,40C,off
11/30/2022 17:34:03,Chamber 1,28-031662211eff,22.75,T257,40C,off
11/30/2022 17:34:22,Chamber 1,28-031662211eff,22.812,T257,40C,off
11/30/2022 17:34:43,Chamber 1,28-031662211eff,22.75,T257,40C,off
11/30/2022 17:35:02,Chamber 1,28-031662211eff,22.75,T257,40C,off
11/30/2022 17:35:22,Chamber 1,28-031662211eff,22.75,T257,40C,off
11/30/2022 17:35:42,Chamber 1,28-031662211eff,22.812,T257,40C,off
11/30/2022 17:36:02,Chamber 1,28-031662211eff,22.75,T257,40C,off
11/30/2022 17:36:22,Chamber 1,28-031662211eff,22.75,T257,40C,off
11/30/2022 17:36:42,Chamber 1,28-031662211eff,22.75,T257,40C,off
11/30/2022 17:37:02,Chamber 1,28-031662211eff,22.812,T257,40C,off
11/30/2022 17:37:22,Chamber 1,28-031662211eff,22.812,T257,40C,off
11/30/2022 17:37:42,Chamber 1,28-031662211eff,22.75,T257,40C,off
11/30/2022 17:38:02,Chamber 1,28-031662211eff,22.812,T257,40C,off
11/30/2022 17:38:22,Chamber 1,28-031662211eff,22.75,T257,40C,off
11/30/2022 17:38:42,Chamber 1,28-031662211eff,22.75,T257,40C,off
11/30/2022 17:39:02,Chamber 1,28-031662211eff,22.812,T257,40C,off
11/30/2022 17:39:22,Chamber 1,28-031662211eff,22.812,T257,40C,off
11/30/2022 17:39:42,Chamber 1,28-031662211eff,22.812,T257,40C,off
11/30/2022 17:40:02,Chamber 1,28-031662211eff,22.812,T257,40C,off
11/30/2022 17:40:22,Chamber 1,28-031662211eff,22.812,T257,40C,off
11/30/2022 17:40:42,Chamber 1,28-031662211eff,22.812,T257,40C,off
11/30/2022 17:41:02,Chamber 1,28-031662211eff,22.812,T257,40C,off
11/30/2022 17:41:22,Chamber 1,28-031662211eff,22.812,T257,40C,off
11/30/2022 17:41:42,Chamber 1,28-031662211eff,22.812,T257,40C,off
11/30/2022 17:42:02,Chamber 1,28-031662211eff,22.812,T257,40C,off
11/30/2022 17:42:22,Chamber 1,28-031662211eff,22.812,T257,40C,off
11/30/2022 17:42:42,Chamber 1,28-031662211eff,22.812,T257,40C,off
11/30/2022 17:43:02,Chamber 1,28-031662211eff,22.812,T257,40C,off
11/30/2022 17:43:22,Chamber 1,28-031662211eff,22.812,T257,40C,off
11/30/2022 17:43:42,Chamber 1,28-031662211eff,22.812,T257,40C,off
11/30/2022 17:44:02,Chamber 1,28-031662211eff,22.812,T257,40C,off
11/30/2022 17:44:22,Chamber 1,28-031662211eff,22.812,T257,40C,off
11/30/2022 17:44:42,Chamber 1,28-031662211eff,22.812,T257,40C,off
11/30/2022 17:45:02,Chamber 1,28-031662211eff,22.812,T257,40C,off
11/30/2022 17:45:22,Chamber 1,28-031662211eff,22.812,T257,40C,off
11/30/2022 17:45:42,Chamber 1,28-031662211eff,22.812,T257,40C,off
11/30/2022 17:46:02,Chamber 1,28-031662211eff,22.812,T257,40C,off
11/30/2022 17:46:22,Chamber 1,28-031662211eff,22.812,T257,40C,off
11/30/2022 17:46:42,Chamber 1,28-031662211eff,22.812,T257,40C,off
11/30/2022 17:47:02,Chamber 1,28-031662211eff,22.812,T257,40C,off
11/30/2022 17:47:22,Chamber 1,28-031662211eff,22.812,T257,40C,off
11/30/2022 17:47:42,Chamber 1,28-031662211eff,22.812,T257,40C,off
11/30/2022 17:48:03,Chamber 1,28-031662211eff,22.812,T257,40C,off
11/30/2022 17:48:22,Chamber 1,28-031662211eff,22.812,T257,40C,off
11/30/2022 17:48:42,Chamber 1,28-031662211eff,22.812,T257,40C,off
11/30/2022 17:49:02,Chamber 1,28-031662211eff,22.812,T257,40C,off
11/30/2022 17:49:22,Chamber 1,28-031662211eff,22.812,T257,40C,off
11/30/2022 17:49:42,Chamber 1,28-031662211eff,22.812,T257,40C,off
11/30/2022 17:50:02,Chamber 1,28-031662211eff,22.812,T257,40C,off
11/30/2022 17:50:22,Chamber 1,28-031662211eff,22.812,T257,40C,off
11/30/2022 17:50:42,Chamber 1,28-031662211eff,22.812,T257,40C,off
11/30/2022 17:51:02,Chamber 1,28-031662211eff,22.812,T257,40C,off
11/30/2022 17:51:22,Chamber 1,28-031662211eff,22.812,T257,40C,off
11/30/2022 17:51:43,Chamber 1,28-031662211eff,22.812,T257,40C,off
11/30/2022 17:52:02,Chamber 1,28-031662211eff,22.812,T257,40C,off
11/30/2022 17:52:22,Chamber 1,28-031662211eff,22.812,T257,40C,off
11/30/2022 17:52:42,Chamber 1,28-031662211eff,22.812,T257,40C,off
11/30/2022 17:53:02,Chamber 1,28-031662211eff,22.812,T257,40C,off
11/30/2022 17:53:22,Chamber 1,28-031662211eff,22.812,T257,40C,off
11/30/2022 17:53:42,Chamber 1,28-031662211eff,22.812,T257,40C,off
11/30/2022 17:54:02,Chamber 1,28-031662211eff,22.812,T257,40C,off
11/30/2022 17:54:22,Chamber 1,28-031662211eff,22.75,T257,40C,off
11/30/2022 17:54:42,Chamber 1,28-031662211eff,22.75,T257,40C,off
11/30/2022 17:55:02,Chamber 1,28-031662211eff,22.75,T257,40C,off
11/30/2022 17:55:22,Chamber 1,28-031662211eff,22.75,T257,40C,off
11/30/2022 17:55:42,Chamber 1,28-031662211eff,22.75,T257,40C,off
11/30/2022 17:56:02,Chamber 1,28-031662211eff,22.75,T257,40C,off
11/30/2022 17:56:22,Chamber 1,28-031662211eff,22.75,T257,40C,off
11/30/2022 17:56:42,Chamber 1,28-031662211eff,22.75,T257,40C,off
11/30/2022 17:57:02,Chamber 1,28-031662211eff,22.75,T257,40C,off
11/30/2022 17:57:22,Chamber 1,28-031662211eff,22.75,T257,40C,off
11/30/2022 17:57:42,Chamber 1,28-031662211eff,22.75,T257,40C,off
11/30/2022 17:58:02,Chamber 1,28-031662211eff,22.75,T257,40C,off
11/30/2022 17:58:22,Chamber 1,28-031662211eff,22.75,T257,40C,off
11/30/2022 17:58:42,Chamber 1,28-031662211eff,22.75,T257,40C,off
11/30/2022 17:59:02,Chamber 1,28-031662211eff,22.75,T257,40C,off
11/30/2022 17:59:22,Chamber 1,28-031662211eff,22.75,T257,40C,off
11/30/2022 17:59:42,Chamber 1,28-031662211eff,22.75,T257,40C,off
11/30/2022 18:00:02,Chamber 1,28-031662211eff,22.75,T257,40C,off
11/30/2022 18:00:22,Chamber 1,28-031662211eff,22.75,T257,40C,off
11/30/2022 18:00:42,Chamber 1,28-031662211eff,22.75,T257,40C,off
11/30/2022 18:01:02,Chamber 1,28-031662211eff,22.75,T257,40C,off
11/30/2022 18:01:22,Chamber 1,28-031662211eff,22.75,T257,40C,off
11/30/2022 18:01:42,Chamber 1,28-031662211eff,22.75,T257,40C,off
11/30/2022 18:02:02,Chamber 1,28-031662211eff,22.75,T257,40C,off
11/30/2022 18:02:22,Chamber 1,28-031662211eff,22.75,T257,40C,off
11/30/2022 18:02:42,Chamber 1,28-031662211eff,22.75,T257,40C,off
11/30/2022 18:03:02,Chamber 1,28-031662211eff,22.75,T257,40C,off
11/30/2022 18:03:22,Chamber 1,28-031662211eff,22.75,T257,40C,off
11/30/2022 18:03:42,Chamber 1,28-031662211eff,22.75,T257,40C,off
11/30/2022 18:04:02,Chamber 1,28-031662211eff,22.75,T257,40C,off
11/30/2022 18:04:22,Chamber 1,28-031662211eff,22.75,T257,40C,off
11/30/2022 18:04:42,Chamber 1,28-031662211eff,22.75,T257,40C,off
11/30/2022 18:05:02,Chamber 1,28-031662211eff,22.75,T257,40C,off
11/30/2022 18:05:22,Chamber 1,28-031662211eff,22.75,T257,40C,off
11/30/2022 18:05:42,Chamber 1,28-031662211eff,22.687,T257,40C,off
11/30/2022 18:06:02,Chamber 1,28-031662211eff,22.687,T257,40C,off
11/30/2022 18:06:22,Chamber 1,28-031662211eff,22.687,T257,40C,off
11/30/2022 18:06:42,Chamber 1,28-031662211eff,22.75,T257,40C,off
11/30/2022 18:07:02,Chamber 1,28-031662211eff,22.75,T257,40C,off
11/30/2022 18:07:22,Chamber 1,28-031662211eff,22.687,T257,40C,off
11/30/2022 18:07:42,Chamber 1,28-031662211eff,22.687,T257,40C,off
11/30/2022 18:08:02,Chamber 1,28-031662211eff,22.687,T257,40C,off
11/30/2022 18:08:22,Chamber 1,28-031662211eff,22.687,T257,40C,off
11/30/2022 18:08:42,Chamber 1,28-031662211eff,22.687,T257,40C,off
11/30/2022 18:09:02,Chamber 1,28-031662211eff,22.687,T257,40C,off
11/30/2022 18:09:23,Chamber 1,28-031662211eff,22.687,T257,40C,off
11/30/2022 18:09:42,Chamber 1,28-031662211eff,22.687,T257,40C,off
11/30/2022 18:10:02,Chamber 1,28-031662211eff,22.687,T257,40C,off
11/30/2022 18:10:22,Chamber 1,28-031662211eff,22.687,T257,40C,off
11/30/2022 18:10:42,Chamber 1,28-031662211eff,22.687,T257,40C,off
11/30/2022 18:11:02,Chamber 1,28-031662211eff,22.687,T257,40C,off
11/30/2022 18:11:22,Chamber 1,28-031662211eff,22.687,T257,40C,off
11/30/2022 18:11:42,Chamber 1,28-031662211eff,22.687,T257,40C,off
11/30/2022 18:12:02,Chamber 1,28-031662211eff,22.687,T257,40C,off
11/30/2022 18:12:22,Chamber 1,28-031662211eff,22.687,T257,40C,off
11/30/2022 18:12:42,Chamber 1,28-031662211eff,22.687,T257,40C,off
11/30/2022 18:13:03,Chamber 1,28-031662211eff,22.75,T257,40C,off
11/30/2022 18:13:22,Chamber 1,28-031662211eff,22.687,T257,40C,off
11/30/2022 18:13:42,Chamber 1,28-031662211eff,22.687,T257,40C,off
11/30/2022 18:14:02,Chamber 1,28-031662211eff,22.687,T257,40C,off
11/30/2022 18:14:22,Chamber 1,28-031662211eff,22.687,T257,40C,off
11/30/2022 18:14:42,Chamber 1,28-031662211eff,22.687,T257,40C,off
11/30/2022 18:15:02,Chamber 1,28-031662211eff,22.687,T257,40C,off
11/30/2022 18:15:22,Chamber 1,28-031662211eff,22.687,T257,40C,off
11/30/2022 18:15:42,Chamber 1,28-031662211eff,22.687,T257,40C,off
11/30/2022 18:16:02,Chamber 1,28-031662211eff,22.687,T257,40C,off
11/30/2022 18:16:23,Chamber 1,28-031662211eff,22.687,T257,40C,off
11/30/2022 18:16:43,Chamber 1,28-031662211eff,22.687,T257,40C,off
11/30/2022 18:17:02,Chamber 1,28-031662211eff,22.687,T257,40C,off
11/30/2022 18:17:22,Chamber 1,28-031662211eff,22.687,T257,40C,off
11/30/2022 18:17:42,Chamber 1,28-031662211eff,22.687,T257,40C,off
11/30/2022 18:18:02,Chamber 1,28-031662211eff,22.687,T257,40C,off
11/30/2022 18:18:22,Chamber 1,28-031662211eff,22.687,T257,40C,off
11/30/2022 18:18:42,Chamber 1,28-031662211eff,22.687,T257,40C,off
11/30/2022 18:19:02,Chamber 1,28-031662211eff,22.687,T257,40C,off
11/30/2022 18:19:22,Chamber 1,28-031662211eff,22.687,T257,40C,off
11/30/2022 18:19:42,Chamber 1,28-031662211eff,22.687,T257,40C,off
11/30/2022 18:20:02,Chamber 1,28-031662211eff,22.687,T257,40C,off
11/30/2022 18:20:22,Chamber 1,28-031662211eff,22.687,T257,40C,off
11/30/2022 18:20:42,Chamber 1,28-031662211eff,22.687,T257,40C,off
11/30/2022 18:21:02,Chamber 1,28-031662211eff,22.687,T257,40C,off
11/30/2022 18:21:22,Chamber 1,28-031662211eff,22.687,T257,40C,off
11/30/2022 18:21:42,Chamber 1,28-031662211eff,22.687,T257,40C,off
11/30/2022 18:22:02,Chamber 1,28-031662211eff,22.687,T257,40C,off
11/30/2022 18:22:22,Chamber 1,28-031662211eff,22.687,T257,40C,off
11/30/2022 18:22:42,Chamber 1,28-031662211eff,22.687,T257,40C,off
11/30/2022 18:23:02,Chamber 1,28-031662211eff,22.687,T257,40C,off
11/30/2022 18:23:22,Chamber 1,28-031662211eff,22.687,T257,40C,off
11/30/2022 18:23:42,Chamber 1,28-031662211eff,22.687,T257,40C,off
11/30/2022 18:24:02,Chamber 1,28-031662211eff,22.687,T257,40C,off
11/30/2022 18:24:22,Chamber 1,28-031662211eff,22.687,T257,40C,off
11/30/2022 18:24:42,Chamber 1,28-031662211eff,22.687,T257,40C,off
11/30/2022 18:25:02,Chamber 1,28-031662211eff,22.687,T257,40C,off
11/30/2022 18:25:22,Chamber 1,28-031662211eff,22.687,T257,40C,off
11/30/2022 18:25:42,Chamber 1,28-031662211eff,22.687,T257,40C,off
11/30/2022 18:26:02,Chamber 1,28-031662211eff,22.687,T257,40C,off
11/30/2022 18:26:22,Chamber 1,28-031662211eff,22.687,T257,40C,off
11/30/2022 18:26:42,Chamber 1,28-031662211eff,22.687,T257,40C,off
11/30/2022 18:27:02,Chamber 1,28-031662211eff,22.687,T257,40C,off
11/30/2022 18:27:22,Chamber 1,28-031662211eff,22.687,T257,40C,off
11/30/2022 18:27:42,Chamber 1,28-031662211eff,22.687,T257,40C,off
11/30/2022 18:28:02,Chamber 1,28-031662211eff,22.687,T257,40C,off
11/30/2022 18:28:22,Chamber 1,28-031662211eff,22.687,T257,40C,off
11/30/2022 18:28:42,Chamber 1,28-031662211eff,22.687,T257,40C,off
11/30/2022 18:29:02,Chamber 1,28-031662211eff,22.687,T257,40C,off
11/30/2022 18:29:22,Chamber 1,28-031662211eff,22.687,T257,40C,off
11/30/2022 18:29:42,Chamber 1,28-031662211eff,22.687,T257,40C,off
11/30/2022 18:30:02,Chamber 1,28-031662211eff,22.687,T257,40C,off
11/30/2022 18:30:22,Chamber 1,28-031662211eff,22.687,T257,40C,off
11/30/2022 18:30:42,Chamber 1,28-031662211eff,22.687,T257,40C,off
11/30/2022 18:31:02,Chamber 1,28-031662211eff,22.687,T257,40C,off
11/30/2022 18:31:22,Chamber 1,28-031662211eff,22.687,T257,40C,off
11/30/2022 18:31:42,Chamber 1,28-031662211eff,22.687,T257,40C,off
11/30/2022 18:32:02,Chamber 1,28-031662211eff,22.687,T257,40C,off
11/30/2022 18:32:22,Chamber 1,28-031662211eff,22.687,T257,40C,off
11/30/2022 18:32:42,Chamber 1,28-031662211eff,22.687,T257,40C,off
11/30/2022 18:33:02,Chamber 1,28-031662211eff,22.687,T257,40C,off
11/30/2022 18:33:22,Chamber 1,28-031662211eff,22.687,T257,40C,off
11/30/2022 18:33:42,Chamber 1,28-031662211eff,22.687,T257,40C,off
11/30/2022 18:34:02,Chamber 1,28-031662211eff,22.687,T257,40C,off
11/30/2022 18:34:22,Chamber 1,28-031662211eff,22.687,T257,40C,off
11/30/2022 18:34:42,Chamber 1,28-031662211eff,22.687,T257,40C,off
11/30/2022 18:35:02,Chamber 1,28-031662211eff,22.687,T257,40C,off
11/30/2022 18:35:22,Chamber 1,28-031662211eff,22.687,T257,40C,off
11/30/2022 18:35:42,Chamber 1,28-031662211eff,22.687,T257,40C,off
11/30/2022 18:36:02,Chamber 1,28-031662211eff,22.625,T257,40C,off
11/30/2022 18:36:22,Chamber 1,28-031662211eff,22.625,T257,40C,off
11/30/2022 18:36:42,Chamber 1,28-031662211eff,22.687,T257,40C,off
11/30/2022 18:37:02,Chamber 1,28-031662211eff,22.625,T257,40C,off
11/30/2022 18:37:22,Chamber 1,28-031662211eff,22.625,T257,40C,off
11/30/2022 18:37:42,Chamber 1,28-031662211eff,22.625,T257,40C,off
11/30/2022 18:38:02,Chamber 1,28-031662211eff,22.625,T257,40C,off
11/30/2022 18:38:22,Chamber 1,28-031662211eff,22.625,T257,40C,off
11/30/2022 18:38:42,Chamber 1,28-031662211eff,22.625,T257,40C,off
11/30/2022 18:39:02,Chamber 1,28-031662211eff,22.625,T257,40C,off
11/30/2022 18:39:22,Chamber 1,28-031662211eff,22.625,T257,40C,off
11/30/2022 18:39:42,Chamber 1,28-031662211eff,22.625,T257,40C,off
11/30/2022 18:40:02,Chamber 1,28-031662211eff,22.625,T257,40C,off
11/30/2022 18:40:22,Chamber 1,28-031662211eff,22.625,T257,40C,off
11/30/2022 18:40:42,Chamber 1,28-031662211eff,22.625,T257,40C,off
11/30/2022 18:41:02,Chamber 1,28-031662211eff,22.625,T257,40C,off
11/30/2022 18:41:22,Chamber 1,28-031662211eff,22.625,T257,40C,off
11/30/2022 18:41:42,Chamber 1,28-031662211eff,22.625,T257,40C,off
11/30/2022 18:42:02,Chamber 1,28-031662211eff,22.625,T257,40C,off
11/30/2022 18:42:22,Chamber 1,28-031662211eff,22.625,T257,40C,off
11/30/2022 18:42:42,Chamber 1,28-031662211eff,22.625,T257,40C,off
11/30/2022 18:43:02,Chamber 1,28-031662211eff,22.625,T257,40C,off
11/30/2022 18:43:22,Chamber 1,28-031662211eff,22.625,T257,40C,off
11/30/2022 18:43:42,Chamber 1,28-031662211eff,22.625,T257,40C,off
11/30/2022 18:44:02,Chamber 1,28-031662211eff,22.562,T257,40C,off
11/30/2022 18:44:22,Chamber 1,28-031662211eff,22.625,T257,40C,off
11/30/2022 18:44:42,Chamber 1,28-031662211eff,22.562,T257,40C,off
11/30/2022 18:45:02,Chamber 1,28-031662211eff,22.562,T257,40C,off
11/30/2022 18:45:22,Chamber 1,28-031662211eff,22.562,T257,40C,off
11/30/2022 18:45:42,Chamber 1,28-031662211eff,22.562,T257,40C,off
11/30/2022 18:46:02,Chamber 1,28-031662211eff,22.562,T257,40C,off
11/30/2022 18:46:22,Chamber 1,28-031662211eff,22.562,T257,40C,off
11/30/2022 18:46:42,Chamber 1,28-031662211eff,22.562,T257,40C,off
11/30/2022 18:47:02,Chamber 1,28-031662211eff,22.562,T257,40C,off
11/30/2022 18:47:22,Chamber 1,28-031662211eff,22.562,T257,40C,off
11/30/2022 18:47:42,Chamber 1,28-031662211eff,22.562,T257,40C,off
11/30/2022 18:48:02,Chamber 1,28-031662211eff,22.562,T257,40C,off
11/30/2022 18:48:22,Chamber 1,28-031662211eff,22.562,T257,40C,off
11/30/2022 18:48:42,Chamber 1,28-031662211eff,22.562,T257,40C,off
11/30/2022 18:49:02,Chamber 1,28-031662211eff,22.562,T257,40C,off
11/30/2022 18:49:22,Chamber 1,28-031662211eff,22.562,T257,40C,off
11/30/2022 18:49:42,Chamber 1,28-031662211eff,22.562,T257,40C,off
11/30/2022 18:50:02,Chamber 1,28-031662211eff,22.562,T257,40C,off
11/30/2022 18:50:22,Chamber 1,28-031662211eff,22.562,T257,40C,off
11/30/2022 18:50:42,Chamber 1,28-031662211eff,22.562,T257,40C,off
11/30/2022 18:51:02,Chamber 1,28-031662211eff,22.562,T257,40C,off
11/30/2022 18:51:22,Chamber 1,28-031662211eff,22.562,T257,40C,off
11/30/2022 18:51:42,Chamber 1,28-031662211eff,22.562,T257,40C,off
11/30/2022 18:52:02,Chamber 1,28-031662211eff,22.562,T257,40C,off
11/30/2022 18:52:22,Chamber 1,28-031662211eff,22.562,T257,40C,off
11/30/2022 18:52:42,Chamber 1,28-031662211eff,22.562,T257,40C,off
11/30/2022 18:53:02,Chamber 1,28-031662211eff,22.562,T257,40C,off
11/30/2022 18:53:22,Chamber 1,28-031662211eff,22.562,T257,40C,off
11/30/2022 18:53:42,Chamber 1,28-031662211eff,22.5,T257,40C,off
11/30/2022 18:54:02,Chamber 1,28-031662211eff,22.562,T257,40C,off
11/30/2022 18:54:22,Chamber 1,28-031662211eff,22.5,T257,40C,off
11/30/2022 18:54:42,Chamber 1,28-031662211eff,22.5,T257,40C,off
11/30/2022 18:55:02,Chamber 1,28-031662211eff,22.5,T257,40C,off
11/30/2022 18:55:22,Chamber 1,28-031662211eff,22.562,T257,40C,off
11/30/2022 18:55:42,Chamber 1,28-031662211eff,22.5,T257,40C,off
11/30/2022 18:56:02,Chamber 1,28-031662211eff,22.5,T257,40C,off
11/30/2022 18:56:22,Chamber 1,28-031662211eff,22.5,T257,40C,off
11/30/2022 18:56:43,Chamber 1,28-031662211eff,22.5,T257,40C,off
11/30/2022 18:57:02,Chamber 1,28-031662211eff,22.5,T257,40C,off
11/30/2022 18:57:22,Chamber 1,28-031662211eff,22.5,T257,40C,off
11/30/2022 18:57:42,Chamber 1,28-031662211eff,22.5,T257,40C,off
11/30/2022 18:58:02,Chamber 1,28-031662211eff,22.5,T257,40C,off
11/30/2022 18:58:22,Chamber 1,28-031662211eff,22.5,T257,40C,off
11/30/2022 18:58:42,Chamber 1,28-031662211eff,22.5,T257,40C,off
11/30/2022 18:59:02,Chamber 1,28-031662211eff,22.5,T257,40C,off
11/30/2022 18:59:22,Chamber 1,28-031662211eff,22.5,T257,40C,off
11/30/2022 18:59:42,Chamber 1,28-031662211eff,22.5,T257,40C,off
11/30/2022 19:00:02,Chamber 1,28-031662211eff,22.5,T257,40C,off
11/30/2022 19:00:22,Chamber 1,28-031662211eff,22.5,T257,40C,off
11/30/2022 19:00:42,Chamber 1,28-031662211eff,22.5,T257,40C,off
11/30/2022 19:01:02,Chamber 1,28-031662211eff,22.5,T257,40C,off
11/30/2022 19:01:22,Chamber 1,28-031662211eff,22.5,T257,40C,off
11/30/2022 19:01:42,Chamber 1,28-031662211eff,22.5,T257,40C,off
11/30/2022 19:02:02,Chamber 1,28-031662211eff,22.5,T257,40C,off
11/30/2022 19:02:22,Chamber 1,28-031662211eff,22.5,T257,40C,off
11/30/2022 19:02:42,Chamber 1,28-031662211eff,22.5,T257,40C,off
11/30/2022 19:03:02,Chamber 1,28-031662211eff,22.5,T257,40C,off
11/30/2022 19:03:22,Chamber 1,28-031662211eff,22.5,T257,40C,off
11/30/2022 19:03:42,Chamber 1,28-031662211eff,22.5,T257,40C,off
11/30/2022 19:04:02,Chamber 1,28-031662211eff,22.5,T257,40C,off
11/30/2022 19:04:22,Chamber 1,28-031662211eff,22.5,T257,40C,off
11/30/2022 19:04:42,Chamber 1,28-031662211eff,22.437,T257,40C,off
11/30/2022 19:05:02,Chamber 1,28-031662211eff,22.437,T257,40C,off
11/30/2022 19:05:22,Chamber 1,28-031662211eff,22.437,T257,40C,off
11/30/2022 19:05:42,Chamber 1,28-031662211eff,22.5,T257,40C,off
11/30/2022 19:06:02,Chamber 1,28-031662211eff,22.437,T257,40C,off
11/30/2022 19:06:22,Chamber 1,28-031662211eff,22.437,T257,40C,off
11/30/2022 19:06:42,Chamber 1,28-031662211eff,22.437,T257,40C,off
11/30/2022 19:07:02,Chamber 1,28-031662211eff,22.437,T257,40C,off
11/30/2022 19:07:22,Chamber 1,28-031662211eff,22.437,T257,40C,off
11/30/2022 19:07:42,Chamber 1,28-031662211eff,22.437,T257,40C,off
11/30/2022 19:08:02,Chamber 1,28-031662211eff,22.437,T257,40C,off
11/30/2022 19:08:22,Chamber 1,28-031662211eff,22.437,T257,40C,off
11/30/2022 19:08:42,Chamber 1,28-031662211eff,22.437,T257,40C,off
11/30/2022 19:09:02,Chamber 1,28-031662211eff,22.437,T257,40C,off
11/30/2022 19:09:22,Chamber 1,28-031662211eff,22.437,T257,40C,off
11/30/2022 19:09:42,Chamber 1,28-031662211eff,22.437,T257,40C,off
11/30/2022 19:10:02,Chamber 1,28-031662211eff,22.437,T257,40C,off
11/30/2022 19:10:22,Chamber 1,28-031662211eff,22.437,T257,40C,off
11/30/2022 19:10:42,Chamber 1,28-031662211eff,22.437,T257,40C,off
11/30/2022 19:11:02,Chamber 1,28-031662211eff,22.437,T257,40C,off
11/30/2022 19:11:22,Chamber 1,28-031662211eff,22.437,T257,40C,off
11/30/2022 19:11:42,Chamber 1,28-031662211eff,22.437,T257,40C,off
11/30/2022 19:12:02,Chamber 1,28-031662211eff,22.437,T257,40C,off
11/30/2022 19:12:22,Chamber 1,28-031662211eff,22.437,T257,40C,off
11/30/2022 19:12:42,Chamber 1,28-031662211eff,22.437,T257,40C,off
11/30/2022 19:13:02,Chamber 1,28-031662211eff,22.437,T257,40C,off
11/30/2022 19:13:22,Chamber 1,28-031662211eff,22.437,T257,40C,off
11/30/2022 19:13:42,Chamber 1,28-031662211eff,22.437,T257,40C,off
11/30/2022 19:14:02,Chamber 1,28-031662211eff,22.437,T257,40C,off
11/30/2022 19:14:22,Chamber 1,28-031662211eff,22.437,T257,40C,off
11/30/2022 19:14:42,Chamber 1,28-031662211eff,22.437,T257,40C,off
11/30/2022 19:15:02,Chamber 1,28-031662211eff,22.437,T257,40C,off
11/30/2022 19:15:22,Chamber 1,28-031662211eff,22.437,T257,40C,off
11/30/2022 19:15:42,Chamber 1,28-031662211eff,22.437,T257,40C,off
11/30/2022 19:16:02,Chamber 1,28-031662211eff,22.437,T257,40C,off
11/30/2022 19:16:22,Chamber 1,28-031662211eff,22.437,T257,40C,off
11/30/2022 19:16:42,Chamber 1,28-031662211eff,22.437,T257,40C,off
11/30/2022 19:17:02,Chamber 1,28-031662211eff,22.437,T257,40C,off
11/30/2022 19:17:22,Chamber 1,28-031662211eff,22.437,T257,40C,off
11/30/2022 19:17:42,Chamber 1,28-031662211eff,22.437,T257,40C,off
11/30/2022 19:18:02,Chamber 1,28-031662211eff,22.437,T257,40C,off
11/30/2022 19:18:22,Chamber 1,28-031662211eff,22.437,T257,40C,off
11/30/2022 19:18:42,Chamber 1,28-031662211eff,22.437,T257,40C,off
11/30/2022 19:19:02,Chamber 1,28-031662211eff,22.437,T257,40C,off
11/30/2022 19:19:22,Chamber 1,28-031662211eff,22.375,T257,40C,off
11/30/2022 19:19:42,Chamber 1,28-031662211eff,22.375,T257,40C,off
11/30/2022 19:20:02,Chamber 1,28-031662211eff,22.375,T257,40C,off
11/30/2022 19:20:22,Chamber 1,28-031662211eff,22.437,T257,40C,off
11/30/2022 19:20:42,Chamber 1,28-031662211eff,22.437,T257,40C,off
11/30/2022 19:21:02,Chamber 1,28-031662211eff,22.437,T257,40C,off
11/30/2022 19:21:22,Chamber 1,28-031662211eff,22.375,T257,40C,off
11/30/2022 19:21:42,Chamber 1,28-031662211eff,22.437,T257,40C,off
11/30/2022 19:22:02,Chamber 1,28-031662211eff,22.375,T257,40C,off
11/30/2022 19:22:22,Chamber 1,28-031662211eff,22.375,T257,40C,off
11/30/2022 19:22:42,Chamber 1,28-031662211eff,22.375,T257,40C,off
11/30/2022 19:23:02,Chamber 1,28-031662211eff,22.375,T257,40C,off
11/30/2022 19:23:22,Chamber 1,28-031662211eff,22.375,T257,40C,off
11/30/2022 19:23:42,Chamber 1,28-031662211eff,22.375,T257,40C,off
11/30/2022 19:24:02,Chamber 1,28-031662211eff,22.375,T257,40C,off
11/30/2022 19:24:22,Chamber 1,28-031662211eff,22.375,T257,40C,off
11/30/2022 19:24:42,Chamber 1,28-031662211eff,22.375,T257,40C,off
11/30/2022 19:25:02,Chamber 1,28-031662211eff,22.375,T257,40C,off
11/30/2022 19:25:22,Chamber 1,28-031662211eff,22.375,T257,40C,off
11/30/2022 19:25:42,Chamber 1,28-031662211eff,22.375,T257,40C,off
11/30/2022 19:26:02,Chamber 1,28-031662211eff,22.375,T257,40C,off
11/30/2022 19:26:22,Chamber 1,28-031662211eff,22.375,T257,40C,off
11/30/2022 19:26:42,Chamber 1,28-031662211eff,22.375,T257,40C,off
11/30/2022 19:27:02,Chamber 1,28-031662211eff,22.375,T257,40C,off
11/30/2022 19:27:22,Chamber 1,28-031662211eff,22.375,T257,40C,off
11/30/2022 19:27:42,Chamber 1,28-031662211eff,22.375,T257,40C,off
11/30/2022 19:28:02,Chamber 1,28-031662211eff,22.375,T257,40C,off
11/30/2022 19:28:22,Chamber 1,28-031662211eff,22.375,T257,40C,off
11/30/2022 19:28:42,Chamber 1,28-031662211eff,22.375,T257,40C,off
11/30/2022 19:29:02,Chamber 1,28-031662211eff,22.375,T257,40C,off
11/30/2022 19:29:22,Chamber 1,28-031662211eff,22.375,T257,40C,off
11/30/2022 19:29:42,Chamber 1,28-031662211eff,22.375,T257,40C,off
11/30/2022 19:30:02,Chamber 1,28-031662211eff,22.375,T257,40C,off
11/30/2022 19:30:22,Chamber 1,28-031662211eff,22.375,T257,40C,off
11/30/2022 19:30:42,Chamber 1,28-031662211eff,22.375,T257,40C,off
11/30/2022 19:31:02,Chamber 1,28-031662211eff,22.375,T257,40C,off
11/30/2022 19:31:22,Chamber 1,28-031662211eff,22.375,T257,40C,off
11/30/2022 19:31:42,Chamber 1,28-031662211eff,22.375,T257,40C,off
11/30/2022 19:32:02,Chamber 1,28-031662211eff,22.375,T257,40C,off
11/30/2022 19:32:22,Chamber 1,28-031662211eff,22.375,T257,40C,off
11/30/2022 19:32:42,Chamber 1,28-031662211eff,22.375,T257,40C,off
11/30/2022 19:33:02,Chamber 1,28-031662211eff,22.375,T257,40C,off
11/30/2022 19:33:22,Chamber 1,28-031662211eff,22.375,T257,40C,off
11/30/2022 19:33:42,Chamber 1,28-031662211eff,22.312,T257,40C,off
11/30/2022 19:34:02,Chamber 1,28-031662211eff,22.312,T257,40C,off
11/30/2022 19:34:22,Chamber 1,28-031662211eff,22.312,T257,40C,off
11/30/2022 19:34:42,Chamber 1,28-031662211eff,22.312,T257,40C,off
11/30/2022 19:35:02,Chamber 1,28-031662211eff,22.312,T257,40C,off
11/30/2022 19:35:22,Chamber 1,28-031662211eff,22.312,T257,40C,off
11/30/2022 19:35:42,Chamber 1,28-031662211eff,22.312,T257,40C,off
11/30/2022 19:36:02,Chamber 1,28-031662211eff,22.312,T257,40C,off
11/30/2022 19:36:22,Chamber 1,28-031662211eff,22.312,T257,40C,off
11/30/2022 19:36:42,Chamber 1,28-031662211eff,22.312,T257,40C,off
11/30/2022 19:37:02,Chamber 1,28-031662211eff,22.312,T257,40C,off
11/30/2022 19:37:22,Chamber 1,28-031662211eff,22.312,T257,40C,off
11/30/2022 19:37:42,Chamber 1,28-031662211eff,22.312,T257,40C,off
11/30/2022 19:38:02,Chamber 1,28-031662211eff,22.312,T257,40C,off
11/30/2022 19:38:22,Chamber 1,28-031662211eff,22.312,T257,40C,off
11/30/2022 19:38:42,Chamber 1,28-031662211eff,22.312,T257,40C,off
11/30/2022 19:39:02,Chamber 1,28-031662211eff,22.312,T257,40C,off
11/30/2022 19:39:22,Chamber 1,28-031662211eff,22.312,T257,40C,off
11/30/2022 19:39:42,Chamber 1,28-031662211eff,22.312,T257,40C,off
11/30/2022 19:40:02,Chamber 1,28-031662211eff,22.312,T257,40C,off
11/30/2022 19:40:22,Chamber 1,28-031662211eff,22.312,T257,40C,off
11/30/2022 19:40:42,Chamber 1,28-031662211eff,22.312,T257,40C,off
11/30/2022 19:41:02,Chamber 1,28-031662211eff,22.312,T257,40C,off
11/30/2022 19:41:22,Chamber 1,28-031662211eff,22.25,T257,40C,off
11/30/2022 19:41:42,Chamber 1,28-031662211eff,22.25,T257,40C,off
11/30/2022 19:42:02,Chamber 1,28-031662211eff,22.25,T257,40C,off
11/30/2022 19:42:22,Chamber 1,28-031662211eff,22.25,T257,40C,off
11/30/2022 19:42:42,Chamber 1,28-031662211eff,22.25,T257,40C,off
11/30/2022 19:43:02,Chamber 1,28-031662211eff,22.25,T257,40C,off
11/30/2022 19:43:22,Chamber 1,28-031662211eff,22.25,T257,40C,off
11/30/2022 19:43:42,Chamber 1,28-031662211eff,22.25,T257,40C,off
11/30/2022 19:44:02,Chamber 1,28-031662211eff,22.25,T257,40C,off
11/30/2022 19:44:22,Chamber 1,28-031662211eff,22.25,T257,40C,off
11/30/2022 19:44:42,Chamber 1,28-031662211eff,22.25,T257,40C,off
11/30/2022 19:45:02,Chamber 1,28-031662211eff,22.25,T257,40C,off
11/30/2022 19:45:22,Chamber 1,28-031662211eff,22.25,T257,40C,off
11/30/2022 19:45:42,Chamber 1,28-031662211eff,22.25,T257,40C,off
11/30/2022 19:46:02,Chamber 1,28-031662211eff,22.25,T257,40C,off
11/30/2022 19:46:22,Chamber 1,28-031662211eff,22.25,T257,40C,off
11/30/2022 19:46:42,Chamber 1,28-031662211eff,22.25,T257,40C,off
11/30/2022 19:47:02,Chamber 1,28-031662211eff,22.25,T257,40C,off
11/30/2022 19:47:22,Chamber 1,28-031662211eff,22.25,T257,40C,off
11/30/2022 19:47:42,Chamber 1,28-031662211eff,22.25,T257,40C,off
11/30/2022 19:48:02,Chamber 1,28-031662211eff,22.25,T257,40C,off
11/30/2022 19:48:22,Chamber 1,28-031662211eff,22.25,T257,40C,off
11/30/2022 19:48:42,Chamber 1,28-031662211eff,22.25,T257,40C,off
11/30/2022 19:49:02,Chamber 1,28-031662211eff,22.25,T257,40C,off
11/30/2022 19:49:22,Chamber 1,28-031662211eff,22.25,T257,40C,off
11/30/2022 19:49:42,Chamber 1,28-031662211eff,22.187,T257,40C,off
11/30/2022 19:50:02,Chamber 1,28-031662211eff,22.187,T257,40C,off
11/30/2022 19:50:22,Chamber 1,28-031662211eff,22.187,T257,40C,off
11/30/2022 19:50:42,Chamber 1,28-031662211eff,22.187,T257,40C,off
11/30/2022 19:51:02,Chamber 1,28-031662211eff,22.187,T257,40C,off
11/30/2022 19:51:22,Chamber 1,28-031662211eff,22.187,T257,40C,off
11/30/2022 19:51:42,Chamber 1,28-031662211eff,22.187,T257,40C,off
11/30/2022 19:52:02,Chamber 1,28-031662211eff,22.187,T257,40C,off
11/30/2022 19:52:22,Chamber 1,28-031662211eff,22.187,T257,40C,off
11/30/2022 19:52:42,Chamber 1,28-031662211eff,22.187,T257,40C,off
11/30/2022 19:53:02,Chamber 1,28-031662211eff,22.187,T257,40C,off
11/30/2022 19:53:22,Chamber 1,28-031662211eff,22.187,T257,40C,off
11/30/2022 19:53:42,Chamber 1,28-031662211eff,22.187,T257,40C,off
11/30/2022 19:54:02,Chamber 1,28-031662211eff,22.187,T257,40C,off
11/30/2022 19:54:22,Chamber 1,28-031662211eff,22.187,T257,40C,off
11/30/2022 19:54:42,Chamber 1,28-031662211eff,22.187,T257,40C,off
11/30/2022 19:55:02,Chamber 1,28-031662211eff,22.187,T257,40C,off
11/30/2022 19:55:22,Chamber 1,28-031662211eff,22.187,T257,40C,off
11/30/2022 19:55:42,Chamber 1,28-031662211eff,22.187,T257,40C,off
11/30/2022 19:56:02,Chamber 1,28-031662211eff,22.187,T257,40C,off
11/30/2022 19:56:22,Chamber 1,28-031662211eff,22.187,T257,40C,off
11/30/2022 19:56:42,Chamber 1,28-031662211eff,22.187,T257,40C,off
11/30/2022 19:57:02,Chamber 1,28-031662211eff,22.187,T257,40C,off
11/30/2022 19:57:22,Chamber 1,28-031662211eff,22.187,T257,40C,off
11/30/2022 19:57:42,Chamber 1,28-031662211eff,22.187,T257,40C,off
11/30/2022 19:58:02,Chamber 1,28-031662211eff,22.187,T257,40C,off
11/30/2022 19:58:22,Chamber 1,28-031662211eff,22.187,T257,40C,off
11/30/2022 19:58:43,Chamber 1,28-031662211eff,22.187,T257,40C,off
11/30/2022 19:59:02,Chamber 1,28-031662211eff,22.125,T257,40C,off
11/30/2022 19:59:22,Chamber 1,28-031662211eff,22.125,T257,40C,off
11/30/2022 19:59:42,Chamber 1,28-031662211eff,22.125,T257,40C,off
11/30/2022 20:00:02,Chamber 1,28-031662211eff,22.125,T257,40C,off
11/30/2022 20:00:22,Chamber 1,28-031662211eff,22.125,T257,40C,off
11/30/2022 20:00:42,Chamber 1,28-031662211eff,22.125,T257,40C,off
11/30/2022 20:01:02,Chamber 1,28-031662211eff,22.125,T257,40C,off
11/30/2022 20:01:22,Chamber 1,28-031662211eff,22.125,T257,40C,off
11/30/2022 20:01:42,Chamber 1,28-031662211eff,22.125,T257,40C,off
11/30/2022 20:02:02,Chamber 1,28-031662211eff,22.125,T257,40C,off
11/30/2022 20:02:22,Chamber 1,28-031662211eff,22.125,T257,40C,off
11/30/2022 20:02:42,Chamber 1,28-031662211eff,22.125,T257,40C,off
11/30/2022 20:03:03,Chamber 1,28-031662211eff,22.125,T257,40C,off
11/30/2022 20:03:22,Chamber 1,28-031662211eff,22.125,T257,40C,off
11/30/2022 20:03:42,Chamber 1,28-031662211eff,22.125,T257,40C,off
11/30/2022 20:04:02,Chamber 1,28-031662211eff,22.125,T257,40C,off
11/30/2022 20:04:22,Chamber 1,28-031662211eff,22.125,T257,40C,off
11/30/2022 20:04:42,Chamber 1,28-031662211eff,22.125,T257,40C,off
11/30/2022 20:05:02,Chamber 1,28-031662211eff,22.125,T257,40C,off
11/30/2022 20:05:22,Chamber 1,28-031662211eff,22.125,T257,40C,off
11/30/2022 20:05:42,Chamber 1,28-031662211eff,22.125,T257,40C,off
11/30/2022 20:06:02,Chamber 1,28-031662211eff,22.125,T257,40C,off
11/30/2022 20:06:22,Chamber 1,28-031662211eff,22.125,T257,40C,off
11/30/2022 20:06:42,Chamber 1,28-031662211eff,22.125,T257,40C,off
11/30/2022 20:07:02,Chamber 1,28-031662211eff,22.125,T257,40C,off
11/30/2022 20:07:22,Chamber 1,28-031662211eff,22.125,T257,40C,off
11/30/2022 20:07:42,Chamber 1,28-031662211eff,22.062,T257,40C,off
11/30/2022 20:08:02,Chamber 1,28-031662211eff,22.062,T257,40C,off
11/30/2022 20:08:22,Chamber 1,28-031662211eff,22.062,T257,40C,off
11/30/2022 20:08:42,Chamber 1,28-031662211eff,22.062,T257,40C,off
11/30/2022 20:09:02,Chamber 1,28-031662211eff,22.062,T257,40C,off
11/30/2022 20:09:22,Chamber 1,28-031662211eff,22.062,T257,40C,off
11/30/2022 20:09:42,Chamber 1,28-031662211eff,22.062,T257,40C,off
11/30/2022 20:10:02,Chamber 1,28-031662211eff,22.062,T257,40C,off
11/30/2022 20:10:22,Chamber 1,28-031662211eff,22.062,T257,40C,off
11/30/2022 20:10:42,Chamber 1,28-031662211eff,22.062,T257,40C,off
11/30/2022 20:11:02,Chamber 1,28-031662211eff,22.062,T257,40C,off
11/30/2022 20:11:22,Chamber 1,28-031662211eff,22.062,T257,40C,off
11/30/2022 20:11:42,Chamber 1,28-031662211eff,22.062,T257,40C,off
11/30/2022 20:12:02,Chamber 1,28-031662211eff,22.062,T257,40C,off
11/30/2022 20:12:22,Chamber 1,28-031662211eff,22.062,T257,40C,off
11/30/2022 20:12:42,Chamber 1,28-031662211eff,22.062,T257,40C,off
11/30/2022 20:13:02,Chamber 1,28-031662211eff,22.062,T257,40C,off
11/30/2022 20:13:22,Chamber 1,28-031662211eff,22.062,T257,40C,off
11/30/2022 20:13:42,Chamber 1,28-031662211eff,22.062,T257,40C,off
11/30/2022 20:14:02,Chamber 1,28-031662211eff,22.062,T257,40C,off
11/30/2022 20:14:22,Chamber 1,28-031662211eff,22.062,T257,40C,off
11/30/2022 20:14:42,Chamber 1,28-031662211eff,22.062,T257,40C,off
11/30/2022 20:15:02,Chamber 1,28-031662211eff,22.062,T257,40C,off
11/30/2022 20:15:22,Chamber 1,28-031662211eff,22.062,T257,40C,off
11/30/2022 20:15:42,Chamber 1,28-031662211eff,22.062,T257,40C,off
11/30/2022 20:16:02,Chamber 1,28-031662211eff,22.062,T257,40C,off
11/30/2022 20:16:22,Chamber 1,28-031662211eff,22.062,T257,40C,off
11/30/2022 20:16:42,Chamber 1,28-031662211eff,22.062,T257,40C,off
11/30/2022 20:17:02,Chamber 1,28-031662211eff,22.062,T257,40C,off
11/30/2022 20:17:22,Chamber 1,28-031662211eff,22.0,T257,40C,off
11/30/2022 20:17:42,Chamber 1,28-031662211eff,22.0,T257,40C,off
11/30/2022 20:18:02,Chamber 1,28-031662211eff,22.0,T257,40C,off
11/30/2022 20:18:22,Chamber 1,28-031662211eff,22.0,T257,40C,off
11/30/2022 20:18:42,Chamber 1,28-031662211eff,22.0,T257,40C,off
11/30/2022 20:19:02,Chamber 1,28-031662211eff,22.0,T257,40C,off
11/30/2022 20:19:22,Chamber 1,28-031662211eff,22.0,T257,40C,off
11/30/2022 20:19:42,Chamber 1,28-031662211eff,22.0,T257,40C,off
11/30/2022 20:20:02,Chamber 1,28-031662211eff,22.0,T257,40C,off
11/30/2022 20:20:22,Chamber 1,28-031662211eff,22.0,T257,40C,off
11/30/2022 20:20:42,Chamber 1,28-031662211eff,22.0,T257,40C,off
11/30/2022 20:21:02,Chamber 1,28-031662211eff,22.0,T257,40C,off
11/30/2022 20:21:22,Chamber 1,28-031662211eff,22.0,T257,40C,off
11/30/2022 20:21:42,Chamber 1,28-031662211eff,22.0,T257,40C,off
11/30/2022 20:22:02,Chamber 1,28-031662211eff,22.0,T257,40C,off
11/30/2022 20:22:22,Chamber 1,28-031662211eff,22.0,T257,40C,off
11/30/2022 20:22:42,Chamber 1,28-031662211eff,22.0,T257,40C,off
11/30/2022 20:23:02,Chamber 1,28-031662211eff,22.0,T257,40C,off
11/30/2022 20:23:22,Chamber 1,28-031662211eff,22.0,T257,40C,off
11/30/2022 20:23:42,Chamber 1,28-031662211eff,22.0,T257,40C,off
11/30/2022 20:24:02,Chamber 1,28-031662211eff,22.0,T257,40C,off
11/30/2022 20:24:22,Chamber 1,28-031662211eff,22.0,T257,40C,off
11/30/2022 20:24:42,Chamber 1,28-031662211eff,22.0,T257,40C,off
11/30/2022 20:25:02,Chamber 1,28-031662211eff,22.0,T257,40C,off
11/30/2022 20:25:22,Chamber 1,28-031662211eff,22.0,T257,40C,off
11/30/2022 20:25:42,Chamber 1,28-031662211eff,22.0,T257,40C,off
11/30/2022 20:26:02,Chamber 1,28-031662211eff,22.0,T257,40C,off
11/30/2022 20:26:22,Chamber 1,28-031662211eff,22.0,T257,40C,off
11/30/2022 20:26:42,Chamber 1,28-031662211eff,22.0,T257,40C,off
11/30/2022 20:27:02,Chamber 1,28-031662211eff,21.937,T257,40C,off
11/30/2022 20:27:22,Chamber 1,28-031662211eff,21.937,T257,40C,off
11/30/2022 20:27:42,Chamber 1,28-031662211eff,21.937,T257,40C,off
11/30/2022 20:28:02,Chamber 1,28-031662211eff,21.937,T257,40C,off
11/30/2022 20:28:22,Chamber 1,28-031662211eff,21.937,T257,40C,off
11/30/2022 20:28:42,Chamber 1,28-031662211eff,21.937,T257,40C,off
11/30/2022 20:29:02,Chamber 1,28-031662211eff,21.937,T257,40C,off
11/30/2022 20:29:22,Chamber 1,28-031662211eff,21.937,T257,40C,off
11/30/2022 20:29:42,Chamber 1,28-031662211eff,21.937,T257,40C,off
11/30/2022 20:30:02,Chamber 1,28-031662211eff,21.937,T257,40C,off
11/30/2022 20:30:22,Chamber 1,28-031662211eff,21.937,T257,40C,off
11/30/2022 20:30:42,Chamber 1,28-031662211eff,21.937,T257,40C,off
11/30/2022 20:31:02,Chamber 1,28-031662211eff,21.937,T257,40C,off
11/30/2022 20:31:22,Chamber 1,28-031662211eff,21.937,T257,40C,off
11/30/2022 20:31:42,Chamber 1,28-031662211eff,21.937,T257,40C,off
11/30/2022 20:32:02,Chamber 1,28-031662211eff,21.937,T257,40C,off
11/30/2022 20:32:22,Chamber 1,28-031662211eff,21.937,T257,40C,off
11/30/2022 20:32:42,Chamber 1,28-031662211eff,21.937,T257,40C,off
11/30/2022 20:33:02,Chamber 1,28-031662211eff,21.937,T257,40C,off
11/30/2022 20:33:22,Chamber 1,28-031662211eff,21.937,T257,40C,off
11/30/2022 20:33:42,Chamber 1,28-031662211eff,21.937,T257,40C,off
11/30/2022 20:34:02,Chamber 1,28-031662211eff,21.937,T257,40C,off
11/30/2022 20:34:22,Chamber 1,28-031662211eff,21.937,T257,40C,off
11/30/2022 20:34:42,Chamber 1,28-031662211eff,21.937,T257,40C,off
11/30/2022 20:35:02,Chamber 1,28-031662211eff,21.937,T257,40C,off
11/30/2022 20:35:22,Chamber 1,28-031662211eff,21.937,T257,40C,off
11/30/2022 20:35:42,Chamber 1,28-031662211eff,21.937,T257,40C,off
11/30/2022 20:36:02,Chamber 1,28-031662211eff,21.937,T257,40C,off
11/30/2022 20:36:22,Chamber 1,28-031662211eff,21.937,T257,40C,off
11/30/2022 20:36:42,Chamber 1,28-031662211eff,21.937,T257,40C,off
11/30/2022 20:37:02,Chamber 1,28-031662211eff,21.937,T257,40C,off
11/30/2022 20:37:22,Chamber 1,28-031662211eff,21.937,T257,40C,off
11/30/2022 20:37:42,Chamber 1,28-031662211eff,21.937,T257,40C,off
11/30/2022 20:38:02,Chamber 1,28-031662211eff,21.937,T257,40C,off
11/30/2022 20:38:22,Chamber 1,28-031662211eff,21.937,T257,40C,off
11/30/2022 20:38:42,Chamber 1,28-031662211eff,21.875,T257,40C,off
11/30/2022 20:39:02,Chamber 1,28-031662211eff,21.937,T257,40C,off
11/30/2022 20:39:22,Chamber 1,28-031662211eff,21.875,T257,40C,off
11/30/2022 20:39:42,Chamber 1,28-031662211eff,21.937,T257,40C,off
11/30/2022 20:40:02,Chamber 1,28-031662211eff,21.875,T257,40C,off
11/30/2022 20:40:22,Chamber 1,28-031662211eff,21.875,T257,40C,off
11/30/2022 20:40:42,Chamber 1,28-031662211eff,21.875,T257,40C,off
11/30/2022 20:41:02,Chamber 1,28-031662211eff,21.875,T257,40C,off
11/30/2022 20:41:22,Chamber 1,28-031662211eff,21.875,T257,40C,off
11/30/2022 20:41:42,Chamber 1,28-031662211eff,21.875,T257,40C,off
11/30/2022 20:42:02,Chamber 1,28-031662211eff,21.875,T257,40C,off
11/30/2022 20:42:22,Chamber 1,28-031662211eff,21.875,T257,40C,off
11/30/2022 20:42:42,Chamber 1,28-031662211eff,21.875,T257,40C,off
11/30/2022 20:43:02,Chamber 1,28-031662211eff,21.875,T257,40C,off
11/30/2022 20:43:22,Chamber 1,28-031662211eff,21.875,T257,40C,off
11/30/2022 20:43:42,Chamber 1,28-031662211eff,21.875,T257,40C,off
11/30/2022 20:44:02,Chamber 1,28-031662211eff,21.875,T257,40C,off
11/30/2022 20:44:22,Chamber 1,28-031662211eff,21.875,T257,40C,off
11/30/2022 20:44:42,Chamber 1,28-031662211eff,21.875,T257,40C,off
11/30/2022 20:45:02,Chamber 1,28-031662211eff,21.875,T257,40C,off
11/30/2022 20:45:22,Chamber 1,28-031662211eff,21.875,T257,40C,off
11/30/2022 20:45:42,Chamber 1,28-031662211eff,21.875,T257,40C,off
11/30/2022 20:46:02,Chamber 1,28-031662211eff,21.875,T257,40C,off
11/30/2022 20:46:22,Chamber 1,28-031662211eff,21.875,T257,40C,off
11/30/2022 20:46:42,Chamber 1,28-031662211eff,21.875,T257,40C,off
11/30/2022 20:47:02,Chamber 1,28-031662211eff,21.875,T257,40C,off
11/30/2022 20:47:22,Chamber 1,28-031662211eff,21.875,T257,40C,off
11/30/2022 20:47:42,Chamber 1,28-031662211eff,21.875,T257,40C,off
11/30/2022 20:48:02,Chamber 1,28-031662211eff,21.875,T257,40C,off
11/30/2022 20:48:22,Chamber 1,28-031662211eff,21.875,T257,40C,off
11/30/2022 20:48:42,Chamber 1,28-031662211eff,21.875,T257,40C,off
11/30/2022 20:49:02,Chamber 1,28-031662211eff,21.875,T257,40C,off
11/30/2022 20:49:22,Chamber 1,28-031662211eff,21.875,T257,40C,off
11/30/2022 20:49:42,Chamber 1,28-031662211eff,21.875,T257,40C,off
11/30/2022 20:50:02,Chamber 1,28-031662211eff,21.875,T257,40C,off
11/30/2022 20:50:22,Chamber 1,28-031662211eff,21.875,T257,40C,off
11/30/2022 20:50:42,Chamber 1,28-031662211eff,21.875,T257,40C,off
11/30/2022 20:51:03,Chamber 1,28-031662211eff,21.875,T257,40C,off
11/30/2022 20:51:22,Chamber 1,28-031662211eff,21.875,T257,40C,off
11/30/2022 20:51:42,Chamber 1,28-031662211eff,21.875,T257,40C,off
11/30/2022 20:52:02,Chamber 1,28-031662211eff,21.812,T257,40C,off
11/30/2022 20:52:22,Chamber 1,28-031662211eff,21.875,T257,40C,off
11/30/2022 20:52:42,Chamber 1,28-031662211eff,21.812,T257,40C,off
11/30/2022 20:53:02,Chamber 1,28-031662211eff,21.812,T257,40C,off
11/30/2022 20:53:22,Chamber 1,28-031662211eff,21.812,T257,40C,off
11/30/2022 20:53:42,Chamber 1,28-031662211eff,21.812,T257,40C,off
11/30/2022 20:54:03,Chamber 1,28-031662211eff,21.875,T257,40C,off
11/30/2022 20:54:22,Chamber 1,28-031662211eff,21.812,T257,40C,off
11/30/2022 20:54:42,Chamber 1,28-031662211eff,21.812,T257,40C,off
11/30/2022 20:55:02,Chamber 1,28-031662211eff,21.812,T257,40C,off
11/30/2022 20:55:22,Chamber 1,28-031662211eff,21.812,T257,40C,off
11/30/2022 20:55:42,Chamber 1,28-031662211eff,21.812,T257,40C,off
11/30/2022 20:56:02,Chamber 1,28-031662211eff,21.812,T257,40C,off
11/30/2022 20:56:23,Chamber 1,28-031662211eff,21.812,T257,40C,off
11/30/2022 20:56:42,Chamber 1,28-031662211eff,21.812,T257,40C,off
11/30/2022 20:57:02,Chamber 1,28-031662211eff,21.812,T257,40C,off
11/30/2022 20:57:22,Chamber 1,28-031662211eff,21.812,T257,40C,off
11/30/2022 20:57:42,Chamber 1,28-031662211eff,21.812,T257,40C,off
11/30/2022 20:58:02,Chamber 1,28-031662211eff,21.812,T257,40C,off
11/30/2022 20:58:22,Chamber 1,28-031662211eff,21.812,T257,40C,off
11/30/2022 20:58:42,Chamber 1,28-031662211eff,21.812,T257,40C,off
11/30/2022 20:59:02,Chamber 1,28-031662211eff,21.812,T257,40C,off
11/30/2022 20:59:22,Chamber 1,28-031662211eff,21.812,T257,40C,off
11/30/2022 20:59:42,Chamber 1,28-031662211eff,21.812,T257,40C,off
11/30/2022 21:00:02,Chamber 1,28-031662211eff,21.812,T257,40C,off
11/30/2022 21:00:22,Chamber 1,28-031662211eff,21.812,T257,40C,off
11/30/2022 21:00:42,Chamber 1,28-031662211eff,21.812,T257,40C,off
11/30/2022 21:01:02,Chamber 1,28-031662211eff,21.812,T257,40C,off
11/30/2022 21:01:22,Chamber 1,28-031662211eff,21.812,T257,40C,off
11/30/2022 21:01:42,Chamber 1,28-031662211eff,21.812,T257,40C,off
11/30/2022 21:02:02,Chamber 1,28-031662211eff,21.812,T257,40C,off
11/30/2022 21:02:22,Chamber 1,28-031662211eff,21.812,T257,40C,off
11/30/2022 21:02:42,Chamber 1,28-031662211eff,21.812,T257,40C,off
11/30/2022 21:03:02,Chamber 1,28-031662211eff,21.812,T257,40C,off
11/30/2022 21:03:22,Chamber 1,28-031662211eff,21.812,T257,40C,off
11/30/2022 21:03:42,Chamber 1,28-031662211eff,21.812,T257,40C,off
11/30/2022 21:04:02,Chamber 1,28-031662211eff,21.812,T257,40C,off
11/30/2022 21:04:22,Chamber 1,28-031662211eff,21.812,T257,40C,off
11/30/2022 21:04:42,Chamber 1,28-031662211eff,21.812,T257,40C,off
11/30/2022 21:05:02,Chamber 1,28-031662211eff,21.812,T257,40C,off
11/30/2022 21:05:22,Chamber 1,28-031662211eff,21.812,T257,40C,off
11/30/2022 21:05:42,Chamber 1,28-031662211eff,21.812,T257,40C,off
11/30/2022 21:06:02,Chamber 1,28-031662211eff,21.812,T257,40C,off
11/30/2022 21:06:22,Chamber 1,28-031662211eff,21.812,T257,40C,off
11/30/2022 21:06:42,Chamber 1,28-031662211eff,21.812,T257,40C,off
11/30/2022 21:07:02,Chamber 1,28-031662211eff,21.812,T257,40C,off
11/30/2022 21:07:22,Chamber 1,28-031662211eff,21.812,T257,40C,off
11/30/2022 21:07:42,Chamber 1,28-031662211eff,21.812,T257,40C,off
11/30/2022 21:08:02,Chamber 1,28-031662211eff,21.812,T257,40C,off
11/30/2022 21:08:22,Chamber 1,28-031662211eff,21.812,T257,40C,off
11/30/2022 21:08:42,Chamber 1,28-031662211eff,21.812,T257,40C,off
11/30/2022 21:09:02,Chamber 1,28-031662211eff,21.812,T257,40C,off
11/30/2022 21:09:22,Chamber 1,28-031662211eff,21.812,T257,40C,off
11/30/2022 21:09:42,Chamber 1,28-031662211eff,21.812,T257,40C,off
11/30/2022 21:10:02,Chamber 1,28-031662211eff,21.812,T257,40C,off
11/30/2022 21:10:22,Chamber 1,28-031662211eff,21.812,T257,40C,off
11/30/2022 21:10:42,Chamber 1,28-031662211eff,21.812,T257,40C,off
11/30/2022 21:11:02,Chamber 1,28-031662211eff,21.812,T257,40C,off
11/30/2022 21:11:22,Chamber 1,28-031662211eff,21.812,T257,40C,off
11/30/2022 21:11:42,Chamber 1,28-031662211eff,21.812,T257,40C,off
11/30/2022 21:12:02,Chamber 1,28-031662211eff,21.812,T257,40C,off
11/30/2022 21:12:22,Chamber 1,28-031662211eff,21.812,T257,40C,off
11/30/2022 21:12:42,Chamber 1,28-031662211eff,21.812,T257,40C,off
11/30/2022 21:13:02,Chamber 1,28-031662211eff,21.812,T257,40C,off
11/30/2022 21:13:22,Chamber 1,28-031662211eff,21.812,T257,40C,off
11/30/2022 21:13:42,Chamber 1,28-031662211eff,21.812,T257,40C,off
11/30/2022 21:14:02,Chamber 1,28-031662211eff,21.812,T257,40C,off
11/30/2022 21:14:22,Chamber 1,28-031662211eff,21.812,T257,40C,off
11/30/2022 21:14:42,Chamber 1,28-031662211eff,21.812,T257,40C,off
11/30/2022 21:15:02,Chamber 1,28-031662211eff,21.812,T257,40C,off
11/30/2022 21:15:22,Chamber 1,28-031662211eff,21.812,T257,40C,off
11/30/2022 21:15:42,Chamber 1,28-031662211eff,21.812,T257,40C,off
11/30/2022 21:16:02,Chamber 1,28-031662211eff,21.812,T257,40C,off
11/30/2022 21:16:22,Chamber 1,28-031662211eff,21.812,T257,40C,off
11/30/2022 21:16:42,Chamber 1,28-031662211eff,21.812,T257,40C,off
11/30/2022 21:17:02,Chamber 1,28-031662211eff,21.812,T257,40C,off
11/30/2022 21:17:22,Chamber 1,28-031662211eff,21.812,T257,40C,off
11/30/2022 21:17:42,Chamber 1,28-031662211eff,21.812,T257,40C,off
11/30/2022 21:18:02,Chamber 1,28-031662211eff,21.812,T257,40C,off
11/30/2022 21:18:22,Chamber 1,28-031662211eff,21.812,T257,40C,off
11/30/2022 21:18:42,Chamber 1,28-031662211eff,21.812,T257,40C,off
11/30/2022 21:19:02,Chamber 1,28-031662211eff,21.812,T257,40C,off
11/30/2022 21:19:22,Chamber 1,28-031662211eff,21.812,T257,40C,off
11/30/2022 21:19:42,Chamber 1,28-031662211eff,21.812,T257,40C,off
11/30/2022 21:20:02,Chamber 1,28-031662211eff,21.812,T257,40C,off
11/30/2022 21:20:22,Chamber 1,28-031662211eff,21.812,T257,40C,off
11/30/2022 21:20:42,Chamber 1,28-031662211eff,21.812,T257,40C,off
11/30/2022 21:21:02,Chamber 1,28-031662211eff,21.812,T257,40C,off
11/30/2022 21:21:22,Chamber 1,28-031662211eff,21.812,T257,40C,off
11/30/2022 21:21:42,Chamber 1,28-031662211eff,21.812,T257,40C,off
11/30/2022 21:22:02,Chamber 1,28-031662211eff,21.812,T257,40C,off
11/30/2022 21:22:22,Chamber 1,28-031662211eff,21.812,T257,40C,off
11/30/2022 21:22:42,Chamber 1,28-031662211eff,21.812,T257,40C,off
11/30/2022 21:23:02,Chamber 1,28-031662211eff,21.812,T257,40C,off
11/30/2022 21:23:22,Chamber 1,28-031662211eff,21.812,T257,40C,off
11/30/2022 21:23:42,Chamber 1,28-031662211eff,21.812,T257,40C,off
11/30/2022 21:24:02,Chamber 1,28-031662211eff,21.812,T257,40C,off
11/30/2022 21:24:22,Chamber 1,28-031662211eff,21.812,T257,40C,off
11/30/2022 21:24:42,Chamber 1,28-031662211eff,21.812,T257,40C,off
11/30/2022 21:25:02,Chamber 1,28-031662211eff,21.812,T257,40C,off
11/30/2022 21:25:22,Chamber 1,28-031662211eff,21.812,T257,40C,off
11/30/2022 21:25:42,Chamber 1,28-031662211eff,21.812,T257,40C,off
11/30/2022 21:26:02,Chamber 1,28-031662211eff,21.812,T257,40C,off
11/30/2022 21:26:22,Chamber 1,28-031662211eff,21.812,T257,40C,off
11/30/2022 21:26:42,Chamber 1,28-031662211eff,21.812,T257,40C,off
11/30/2022 21:27:02,Chamber 1,28-031662211eff,21.812,T257,40C,off
11/30/2022 21:27:22,Chamber 1,28-031662211eff,21.812,T257,40C,off
11/30/2022 21:27:42,Chamber 1,28-031662211eff,21.812,T257,40C,off
11/30/2022 21:28:02,Chamber 1,28-031662211eff,21.812,T257,40C,off
11/30/2022 21:28:22,Chamber 1,28-031662211eff,21.812,T257,40C,off
11/30/2022 21:28:42,Chamber 1,28-031662211eff,21.812,T257,40C,off
11/30/2022 21:29:02,Chamber 1,28-031662211eff,21.812,T257,40C,off
11/30/2022 21:29:22,Chamber 1,28-031662211eff,21.812,T257,40C,off
11/30/2022 21:29:42,Chamber 1,28-031662211eff,21.812,T257,40C,off
11/30/2022 21:30:02,Chamber 1,28-031662211eff,21.812,T257,40C,off
11/30/2022 21:30:22,Chamber 1,28-031662211eff,21.812,T257,40C,off
11/30/2022 21:30:42,Chamber 1,28-031662211eff,21.812,T257,40C,off
11/30/2022 21:31:02,Chamber 1,28-031662211eff,21.812,T257,40C,off
11/30/2022 21:31:22,Chamber 1,28-031662211eff,21.812,T257,40C,off
11/30/2022 21:31:42,Chamber 1,28-031662211eff,21.812,T257,40C,off
11/30/2022 21:32:02,Chamber 1,28-031662211eff,21.812,T257,40C,off
11/30/2022 21:32:22,Chamber 1,28-031662211eff,21.812,T257,40C,off
11/30/2022 21:32:42,Chamber 1,28-031662211eff,21.812,T257,40C,off
11/30/2022 21:33:02,Chamber 1,28-031662211eff,21.812,T257,40C,off
11/30/2022 21:33:22,Chamber 1,28-031662211eff,21.812,T257,40C,off
11/30/2022 21:33:42,Chamber 1,28-031662211eff,21.812,T257,40C,off
11/30/2022 21:34:02,Chamber 1,28-031662211eff,21.812,T257,40C,off
11/30/2022 21:34:22,Chamber 1,28-031662211eff,21.812,T257,40C,off
11/30/2022 21:34:42,Chamber 1,28-031662211eff,21.812,T257,40C,off
11/30/2022 21:35:02,Chamber 1,28-031662211eff,21.812,T257,40C,off
11/30/2022 21:35:22,Chamber 1,28-031662211eff,21.812,T257,40C,off
11/30/2022 21:35:42,Chamber 1,28-031662211eff,21.812,T257,40C,off
11/30/2022 21:36:02,Chamber 1,28-031662211eff,21.812,T257,40C,off
11/30/2022 21:36:22,Chamber 1,28-031662211eff,21.812,T257,40C,off
11/30/2022 21:36:42,Chamber 1,28-031662211eff,21.812,T257,40C,off
11/30/2022 21:37:02,Chamber 1,28-031662211eff,21.812,T257,40C,off
11/30/2022 21:37:22,Chamber 1,28-031662211eff,21.812,T257,40C,off
11/30/2022 21:37:42,Chamber 1,28-031662211eff,21.812,T257,40C,off
11/30/2022 21:38:02,Chamber 1,28-031662211eff,21.812,T257,40C,off
11/30/2022 21:38:22,Chamber 1,28-031662211eff,21.812,T257,40C,off
11/30/2022 21:38:42,Chamber 1,28-031662211eff,21.812,T257,40C,off
11/30/2022 21:39:02,Chamber 1,28-031662211eff,21.812,T257,40C,off
11/30/2022 21:39:22,Chamber 1,28-031662211eff,21.812,T257,40C,off
11/30/2022 21:39:42,Chamber 1,28-031662211eff,21.812,T257,40C,off
11/30/2022 21:40:02,Chamber 1,28-031662211eff,21.812,T257,40C,off
11/30/2022 21:40:22,Chamber 1,28-031662211eff,21.812,T257,40C,off
11/30/2022 21:40:42,Chamber 1,28-031662211eff,21.812,T257,40C,off
11/30/2022 21:41:02,Chamber 1,28-031662211eff,21.812,T257,40C,off
11/30/2022 21:41:22,Chamber 1,28-031662211eff,21.812,T257,40C,off
11/30/2022 21:41:42,Chamber 1,28-031662211eff,21.812,T257,40C,off
11/30/2022 21:42:02,Chamber 1,28-031662211eff,21.812,T257,40C,off
11/30/2022 21:42:22,Chamber 1,28-031662211eff,21.812,T257,40C,off
11/30/2022 21:42:42,Chamber 1,28-031662211eff,21.812,T257,40C,off
11/30/2022 21:43:02,Chamber 1,28-031662211eff,21.812,T257,40C,off
11/30/2022 21:43:22,Chamber 1,28-031662211eff,21.812,T257,40C,off
11/30/2022 21:43:42,Chamber 1,28-031662211eff,21.812,T257,40C,off
11/30/2022 21:44:02,Chamber 1,28-031662211eff,21.812,T257,40C,off
11/30/2022 21:44:22,Chamber 1,28-031662211eff,21.812,T257,40C,off
11/30/2022 21:44:42,Chamber 1,28-031662211eff,21.812,T257,40C,off
11/30/2022 21:45:02,Chamber 1,28-031662211eff,21.812,T257,40C,off
11/30/2022 21:45:22,Chamber 1,28-031662211eff,21.812,T257,40C,off
11/30/2022 21:45:42,Chamber 1,28-031662211eff,21.812,T257,40C,off
11/30/2022 21:46:02,Chamber 1,28-031662211eff,21.812,T257,40C,off
11/30/2022 21:46:22,Chamber 1,28-031662211eff,21.812,T257,40C,off
11/30/2022 21:46:42,Chamber 1,28-031662211eff,21.812,T257,40C,off
11/30/2022 21:47:02,Chamber 1,28-031662211eff,21.812,T257,40C,off
11/30/2022 21:47:22,Chamber 1,28-031662211eff,21.812,T257,40C,off
11/30/2022 21:47:42,Chamber 1,28-031662211eff,21.812,T257,40C,off
11/30/2022 21:48:02,Chamber 1,28-031662211eff,21.812,T257,40C,off
11/30/2022 21:48:22,Chamber 1,28-031662211eff,21.812,T257,40C,off
11/30/2022 21:48:42,Chamber 1,28-031662211eff,21.812,T257,40C,off
11/30/2022 21:49:02,Chamber 1,28-031662211eff,21.812,T257,40C,off
11/30/2022 21:49:22,Chamber 1,28-031662211eff,21.812,T257,40C,off
11/30/2022 21:49:42,Chamber 1,28-031662211eff,21.812,T257,40C,off
11/30/2022 21:50:02,Chamber 1,28-031662211eff,21.812,T257,40C,off
11/30/2022 21:50:22,Chamber 1,28-031662211eff,21.812,T257,40C,off
11/30/2022 21:50:42,Chamber 1,28-031662211eff,21.812,T257,40C,off
11/30/2022 21:51:02,Chamber 1,28-031662211eff,21.812,T257,40C,off
11/30/2022 21:51:22,Chamber 1,28-031662211eff,21.812,T257,40C,off
11/30/2022 21:51:42,Chamber 1,28-031662211eff,21.812,T257,40C,off
11/30/2022 21:52:02,Chamber 1,28-031662211eff,21.812,T257,40C,off
11/30/2022 21:52:22,Chamber 1,28-031662211eff,21.812,T257,40C,off
11/30/2022 21:52:42,Chamber 1,28-031662211eff,21.812,T257,40C,off
11/30/2022 21:53:02,Chamber 1,28-031662211eff,21.812,T257,40C,off
11/30/2022 21:53:22,Chamber 1,28-031662211eff,21.812,T257,40C,off
11/30/2022 21:53:42,Chamber 1,28-031662211eff,21.812,T257,40C,off
11/30/2022 21:54:02,Chamber 1,28-031662211eff,21.812,T257,40C,off
11/30/2022 21:54:22,Chamber 1,28-031662211eff,21.812,T257,40C,off
11/30/2022 21:54:42,Chamber 1,28-031662211eff,21.812,T257,40C,off
11/30/2022 21:55:02,Chamber 1,28-031662211eff,21.812,T257,40C,off
11/30/2022 21:55:22,Chamber 1,28-031662211eff,21.812,T257,40C,off
11/30/2022 21:55:42,Chamber 1,28-031662211eff,21.812,T257,40C,off
11/30/2022 21:56:02,Chamber 1,28-031662211eff,21.812,T257,40C,off
11/30/2022 21:56:22,Chamber 1,28-031662211eff,21.812,T257,40C,off
11/30/2022 21:56:42,Chamber 1,28-031662211eff,21.812,T257,40C,off
11/30/2022 21:57:02,Chamber 1,28-031662211eff,21.812,T257,40C,off
11/30/2022 21:57:22,Chamber 1,28-031662211eff,21.812,T257,40C,off
11/30/2022 21:57:42,Chamber 1,28-031662211eff,21.812,T257,40C,off
11/30/2022 21:58:02,Chamber 1,28-031662211eff,21.812,T257,40C,off
11/30/2022 21:58:22,Chamber 1,28-031662211eff,21.812,T257,40C,off
11/30/2022 21:58:42,Chamber 1,28-031662211eff,21.812,T257,40C,off
11/30/2022 21:59:02,Chamber 1,28-031662211eff,21.812,T257,40C,off
11/30/2022 21:59:22,Chamber 1,28-031662211eff,21.812,T257,40C,off
11/30/2022 21:59:42,Chamber 1,28-031662211eff,21.812,T257,40C,off
11/30/2022 22:00:02,Chamber 1,28-031662211eff,21.812,T257,40C,off
11/30/2022 22:00:22,Chamber 1,28-031662211eff,21.812,T257,40C,off
11/30/2022 22:00:42,Chamber 1,28-031662211eff,21.812,T257,40C,off
11/30/2022 22:01:02,Chamber 1,28-031662211eff,21.812,T257,40C,off
11/30/2022 22:01:22,Chamber 1,28-031662211eff,21.812,T257,40C,off
11/30/2022 22:01:42,Chamber 1,28-031662211eff,21.812,T257,40C,off
11/30/2022 22:02:02,Chamber 1,28-031662211eff,21.812,T257,40C,off
11/30/2022 22:02:22,Chamber 1,28-031662211eff,21.812,T257,40C,off
11/30/2022 22:02:42,Chamber 1,28-031662211eff,21.812,T257,40C,off
11/30/2022 22:03:02,Chamber 1,28-031662211eff,21.812,T257,40C,off
11/30/2022 22:03:22,Chamber 1,28-031662211eff,21.812,T257,40C,off
11/30/2022 22:03:42,Chamber 1,28-031662211eff,21.812,T257,40C,off
11/30/2022 22:04:02,Chamber 1,28-031662211eff,21.812,T257,40C,off
11/30/2022 22:04:22,Chamber 1,28-031662211eff,21.812,T257,40C,off
11/30/2022 22:04:42,Chamber 1,28-031662211eff,21.812,T257,40C,off
11/30/2022 22:05:02,Chamber 1,28-031662211eff,21.812,T257,40C,off
11/30/2022 22:05:22,Chamber 1,28-031662211eff,21.812,T257,40C,off
11/30/2022 22:05:42,Chamber 1,28-031662211eff,21.812,T257,40C,off
11/30/2022 22:06:02,Chamber 1,28-031662211eff,21.812,T257,40C,off
11/30/2022 22:06:22,Chamber 1,28-031662211eff,21.812,T257,40C,off
11/30/2022 22:06:42,Chamber 1,28-031662211eff,21.812,T257,40C,off
11/30/2022 22:07:02,Chamber 1,28-031662211eff,21.812,T257,40C,off
11/30/2022 22:07:22,Chamber 1,28-031662211eff,21.812,T257,40C,off
11/30/2022 22:07:42,Chamber 1,28-031662211eff,21.812,T257,40C,off
11/30/2022 22:08:02,Chamber 1,28-031662211eff,21.812,T257,40C,off
11/30/2022 22:08:22,Chamber 1,28-031662211eff,21.812,T257,40C,off
11/30/2022 22:08:42,Chamber 1,28-031662211eff,21.812,T257,40C,off
11/30/2022 22:09:02,Chamber 1,28-031662211eff,21.812,T257,40C,off
11/30/2022 22:09:22,Chamber 1,28-031662211eff,21.812,T257,40C,off
11/30/2022 22:09:42,Chamber 1,28-031662211eff,21.812,T257,40C,off
11/30/2022 22:10:02,Chamber 1,28-031662211eff,21.812,T257,40C,off
11/30/2022 22:10:22,Chamber 1,28-031662211eff,21.812,T257,40C,off
11/30/2022 22:10:42,Chamber 1,28-031662211eff,21.812,T257,40C,off
11/30/2022 22:11:02,Chamber 1,28-031662211eff,21.812,T257,40C,off
11/30/2022 22:11:22,Chamber 1,28-031662211eff,21.812,T257,40C,off
11/30/2022 22:11:42,Chamber 1,28-031662211eff,21.812,T257,40C,off
11/30/2022 22:12:02,Chamber 1,28-031662211eff,21.812,T257,40C,off
11/30/2022 22:12:22,Chamber 1,28-031662211eff,21.812,T257,40C,off
11/30/2022 22:12:42,Chamber 1,28-031662211eff,21.812,T257,40C,off
11/30/2022 22:13:02,Chamber 1,28-031662211eff,21.812,T257,40C,off
11/30/2022 22:13:22,Chamber 1,28-031662211eff,21.812,T257,40C,off
11/30/2022 22:13:42,Chamber 1,28-031662211eff,21.812,T257,40C,off
11/30/2022 22:14:02,Chamber 1,28-031662211eff,21.812,T257,40C,off
11/30/2022 22:14:22,Chamber 1,28-031662211eff,21.812,T257,40C,off
11/30/2022 22:14:42,Chamber 1,28-031662211eff,21.812,T257,40C,off
11/30/2022 22:15:02,Chamber 1,28-031662211eff,21.812,T257,40C,off
11/30/2022 22:15:22,Chamber 1,28-031662211eff,21.812,T257,40C,off
11/30/2022 22:15:42,Chamber 1,28-031662211eff,21.812,T257,40C,off
11/30/2022 22:16:02,Chamber 1,28-031662211eff,21.812,T257,40C,off
11/30/2022 22:16:22,Chamber 1,28-031662211eff,21.812,T257,40C,off
11/30/2022 22:16:42,Chamber 1,28-031662211eff,21.812,T257,40C,off
11/30/2022 22:17:02,Chamber 1,28-031662211eff,21.812,T257,40C,off
11/30/2022 22:17:22,Chamber 1,28-031662211eff,21.812,T257,40C,off
11/30/2022 22:17:42,Chamber 1,28-031662211eff,21.812,T257,40C,off
11/30/2022 22:18:02,Chamber 1,28-031662211eff,21.812,T257,40C,off
11/30/2022 22:18:22,Chamber 1,28-031662211eff,21.812,T257,40C,off
11/30/2022 22:18:42,Chamber 1,28-031662211eff,21.812,T257,40C,off
11/30/2022 22:19:02,Chamber 1,28-031662211eff,21.812,T257,40C,off
11/30/2022 22:19:22,Chamber 1,28-031662211eff,21.812,T257,40C,off
11/30/2022 22:19:42,Chamber 1,28-031662211eff,21.812,T257,40C,off
11/30/2022 22:20:02,Chamber 1,28-031662211eff,21.812,T257,40C,off
11/30/2022 22:20:22,Chamber 1,28-031662211eff,21.812,T257,40C,off
11/30/2022 22:20:42,Chamber 1,28-031662211eff,21.812,T257,40C,off
11/30/2022 22:21:02,Chamber 1,28-031662211eff,21.812,T257,40C,off
11/30/2022 22:21:22,Chamber 1,28-031662211eff,21.812,T257,40C,off
11/30/2022 22:21:43,Chamber 1,28-031662211eff,21.812,T257,40C,off
11/30/2022 22:22:02,Chamber 1,28-031662211eff,21.812,T257,40C,off
11/30/2022 22:22:22,Chamber 1,28-031662211eff,21.812,T257,40C,off
11/30/2022 22:22:42,Chamber 1,28-031662211eff,21.812,T257,40C,off
11/30/2022 22:23:02,Chamber 1,28-031662211eff,21.812,T257,40C,off
11/30/2022 22:23:22,Chamber 1,28-031662211eff,21.812,T257,40C,off
11/30/2022 22:23:42,Chamber 1,28-031662211eff,21.812,T257,40C,off
11/30/2022 22:24:02,Chamber 1,28-031662211eff,21.875,T257,40C,off
11/30/2022 22:24:22,Chamber 1,28-031662211eff,21.875,T257,40C,off
11/30/2022 22:24:42,Chamber 1,28-031662211eff,21.875,T257,40C,off
11/30/2022 22:25:02,Chamber 1,28-031662211eff,21.875,T257,40C,off
11/30/2022 22:25:22,Chamber 1,28-031662211eff,21.875,T257,40C,off
11/30/2022 22:25:42,Chamber 1,28-031662211eff,21.875,T257,40C,off
11/30/2022 22:26:02,Chamber 1,28-031662211eff,21.875,T257,40C,off
11/30/2022 22:26:22,Chamber 1,28-031662211eff,21.875,T257,40C,off
11/30/2022 22:26:42,Chamber 1,28-031662211eff,21.875,T257,40C,off
11/30/2022 22:27:02,Chamber 1,28-031662211eff,21.875,T257,40C,off
11/30/2022 22:27:22,Chamber 1,28-031662211eff,21.875,T257,40C,off
11/30/2022 22:27:42,Chamber 1,28-031662211eff,21.875,T257,40C,off
11/30/2022 22:28:02,Chamber 1,28-031662211eff,21.875,T257,40C,off
11/30/2022 22:28:22,Chamber 1,28-031662211eff,21.875,T257,40C,off
11/30/2022 22:28:42,Chamber 1,28-031662211eff,21.875,T257,40C,off
11/30/2022 22:29:02,Chamber 1,28-031662211eff,21.875,T257,40C,off
11/30/2022 22:29:22,Chamber 1,28-031662211eff,21.875,T257,40C,off
11/30/2022 22:29:42,Chamber 1,28-031662211eff,21.875,T257,40C,off
11/30/2022 22:30:03,Chamber 1,28-031662211eff,21.875,T257,40C,off
11/30/2022 22:30:22,Chamber 1,28-031662211eff,21.875,T257,40C,off
11/30/2022 22:30:42,Chamber 1,28-031662211eff,21.875,T257,40C,off
11/30/2022 22:31:02,Chamber 1,28-031662211eff,21.875,T257,40C,off
11/30/2022 22:31:22,Chamber 1,28-031662211eff,21.875,T257,40C,off
11/30/2022 22:31:42,Chamber 1,28-031662211eff,21.875,T257,40C,off
11/30/2022 22:32:02,Chamber 1,28-031662211eff,21.875,T257,40C,off
11/30/2022 22:32:22,Chamber 1,28-031662211eff,21.875,T257,40C,off
11/30/2022 22:32:42,Chamber 1,28-031662211eff,21.875,T257,40C,off
11/30/2022 22:33:02,Chamber 1,28-031662211eff,21.875,T257,40C,off
11/30/2022 22:33:22,Chamber 1,28-031662211eff,21.875,T257,40C,off
11/30/2022 22:33:42,Chamber 1,28-031662211eff,21.875,T257,40C,off
11/30/2022 22:34:02,Chamber 1,28-031662211eff,21.875,T257,40C,off
11/30/2022 22:34:22,Chamber 1,28-031662211eff,21.875,T257,40C,off
11/30/2022 22:34:42,Chamber 1,28-031662211eff,21.875,T257,40C,off
11/30/2022 22:35:02,Chamber 1,28-031662211eff,21.875,T257,40C,off
11/30/2022 22:35:22,Chamber 1,28-031662211eff,21.875,T257,40C,off
11/30/2022 22:35:42,Chamber 1,28-031662211eff,21.875,T257,40C,off
11/30/2022 22:36:02,Chamber 1,28-031662211eff,21.875,T257,40C,off
11/30/2022 22:36:22,Chamber 1,28-031662211eff,21.875,T257,40C,off
11/30/2022 22:36:42,Chamber 1,28-031662211eff,21.875,T257,40C,off
11/30/2022 22:37:02,Chamber 1,28-031662211eff,21.875,T257,40C,off
11/30/2022 22:37:22,Chamber 1,28-031662211eff,21.875,T257,40C,off
11/30/2022 22:37:42,Chamber 1,28-031662211eff,21.875,T257,40C,off
11/30/2022 22:38:02,Chamber 1,28-031662211eff,21.875,T257,40C,off
11/30/2022 22:38:22,Chamber 1,28-031662211eff,21.937,T257,40C,off
11/30/2022 22:38:42,Chamber 1,28-031662211eff,21.875,T257,40C,off
11/30/2022 22:39:02,Chamber 1,28-031662211eff,21.937,T257,40C,off
11/30/2022 22:39:22,Chamber 1,28-031662211eff,21.937,T257,40C,off
11/30/2022 22:39:42,Chamber 1,28-031662211eff,21.937,T257,40C,off
11/30/2022 22:40:02,Chamber 1,28-031662211eff,21.937,T257,40C,off
11/30/2022 22:40:22,Chamber 1,28-031662211eff,21.937,T257,40C,off
11/30/2022 22:40:42,Chamber 1,28-031662211eff,21.937,T257,40C,off
11/30/2022 22:41:02,Chamber 1,28-031662211eff,21.937,T257,40C,off
11/30/2022 22:41:22,Chamber 1,28-031662211eff,21.937,T257,40C,off
11/30/2022 22:41:42,Chamber 1,28-031662211eff,21.937,T257,40C,off
11/30/2022 22:42:02,Chamber 1,28-031662211eff,21.937,T257,40C,off
11/30/2022 22:42:22,Chamber 1,28-031662211eff,21.937,T257,40C,off
11/30/2022 22:42:42,Chamber 1,28-031662211eff,21.937,T257,40C,off
11/30/2022 22:43:02,Chamber 1,28-031662211eff,21.937,T257,40C,off
11/30/2022 22:43:22,Chamber 1,28-031662211eff,21.937,T257,40C,off
11/30/2022 22:43:42,Chamber 1,28-031662211eff,21.937,T257,40C,off
11/30/2022 22:44:02,Chamber 1,28-031662211eff,21.937,T257,40C,off
11/30/2022 22:44:22,Chamber 1,28-031662211eff,21.937,T257,40C,off
11/30/2022 22:44:42,Chamber 1,28-031662211eff,21.937,T257,40C,off
11/30/2022 22:45:02,Chamber 1,28-031662211eff,21.937,T257,40C,off
11/30/2022 22:45:22,Chamber 1,28-031662211eff,21.937,T257,40C,off
11/30/2022 22:45:42,Chamber 1,28-031662211eff,21.937,T257,40C,off
11/30/2022 22:46:02,Chamber 1,28-031662211eff,21.937,T257,40C,off
11/30/2022 22:46:22,Chamber 1,28-031662211eff,21.937,T257,40C,off
11/30/2022 22:46:42,Chamber 1,28-031662211eff,21.937,T257,40C,off
11/30/2022 22:47:02,Chamber 1,28-031662211eff,21.937,T257,40C,off
11/30/2022 22:47:22,Chamber 1,28-031662211eff,21.937,T257,40C,off
11/30/2022 22:47:42,Chamber 1,28-031662211eff,21.937,T257,40C,off
11/30/2022 22:48:02,Chamber 1,28-031662211eff,21.937,T257,40C,off
11/30/2022 22:48:22,Chamber 1,28-031662211eff,21.937,T257,40C,off
11/30/2022 22:48:42,Chamber 1,28-031662211eff,21.937,T257,40C,off
11/30/2022 22:49:02,Chamber 1,28-031662211eff,21.937,T257,40C,off
11/30/2022 22:49:22,Chamber 1,28-031662211eff,21.937,T257,40C,off
11/30/2022 22:49:42,Chamber 1,28-031662211eff,21.937,T257,40C,off
11/30/2022 22:50:02,Chamber 1,28-031662211eff,22.0,T257,40C,off
11/30/2022 22:50:22,Chamber 1,28-031662211eff,21.937,T257,40C,off
11/30/2022 22:50:42,Chamber 1,28-031662211eff,21.937,T257,40C,off
11/30/2022 22:51:02,Chamber 1,28-031662211eff,22.0,T257,40C,off
11/30/2022 22:51:22,Chamber 1,28-031662211eff,21.937,T257,40C,off
11/30/2022 22:51:42,Chamber 1,28-031662211eff,22.0,T257,40C,off
11/30/2022 22:52:02,Chamber 1,28-031662211eff,22.0,T257,40C,off
11/30/2022 22:52:22,Chamber 1,28-031662211eff,22.0,T257,40C,off
11/30/2022 22:52:42,Chamber 1,28-031662211eff,22.0,T257,40C,off
11/30/2022 22:53:02,Chamber 1,28-031662211eff,22.0,T257,40C,off
11/30/2022 22:53:22,Chamber 1,28-031662211eff,22.0,T257,40C,off
11/30/2022 22:53:42,Chamber 1,28-031662211eff,22.0,T257,40C,off
11/30/2022 22:54:02,Chamber 1,28-031662211eff,22.0,T257,40C,off
11/30/2022 22:54:22,Chamber 1,28-031662211eff,22.0,T257,40C,off
11/30/2022 22:54:42,Chamber 1,28-031662211eff,22.0,T257,40C,off
11/30/2022 22:55:02,Chamber 1,28-031662211eff,22.0,T257,40C,off
11/30/2022 22:55:22,Chamber 1,28-031662211eff,22.0,T257,40C,off
11/30/2022 22:55:42,Chamber 1,28-031662211eff,22.0,T257,40C,off
11/30/2022 22:56:02,Chamber 1,28-031662211eff,22.0,T257,40C,off
11/30/2022 22:56:22,Chamber 1,28-031662211eff,22.0,T257,40C,off
11/30/2022 22:56:42,Chamber 1,28-031662211eff,22.0,T257,40C,off
11/30/2022 22:57:02,Chamber 1,28-031662211eff,22.0,T257,40C,off
11/30/2022 22:57:22,Chamber 1,28-031662211eff,22.0,T257,40C,off
11/30/2022 22:57:42,Chamber 1,28-031662211eff,22.0,T257,40C,off
11/30/2022 22:58:02,Chamber 1,28-031662211eff,22.0,T257,40C,off
11/30/2022 22:58:22,Chamber 1,28-031662211eff,22.0,T257,40C,off
11/30/2022 22:58:42,Chamber 1,28-031662211eff,22.0,T257,40C,off
11/30/2022 22:59:02,Chamber 1,28-031662211eff,22.0,T257,40C,off
11/30/2022 22:59:22,Chamber 1,28-031662211eff,22.0,T257,40C,off
11/30/2022 22:59:42,Chamber 1,28-031662211eff,22.0,T257,40C,off
11/30/2022 23:00:02,Chamber 1,28-031662211eff,22.0,T257,40C,off
11/30/2022 23:00:22,Chamber 1,28-031662211eff,22.0,T257,40C,off
11/30/2022 23:00:42,Chamber 1,28-031662211eff,22.0,T257,40C,off
11/30/2022 23:01:02,Chamber 1,28-031662211eff,22.0,T257,40C,off
11/30/2022 23:01:22,Chamber 1,28-031662211eff,22.0,T257,40C,off
11/30/2022 23:01:42,Chamber 1,28-031662211eff,22.0,T257,40C,off
11/30/2022 23:02:02,Chamber 1,28-031662211eff,22.0,T257,40C,off
11/30/2022 23:02:22,Chamber 1,28-031662211eff,22.0,T257,40C,off
11/30/2022 23:02:42,Chamber 1,28-031662211eff,22.062,T257,40C,off
11/30/2022 23:03:02,Chamber 1,28-031662211eff,22.0,T257,40C,off
11/30/2022 23:03:22,Chamber 1,28-031662211eff,22.0,T257,40C,off
11/30/2022 23:03:42,Chamber 1,28-031662211eff,22.0,T257,40C,off
11/30/2022 23:04:02,Chamber 1,28-031662211eff,22.0,T257,40C,off
11/30/2022 23:04:22,Chamber 1,28-031662211eff,22.062,T257,40C,off
11/30/2022 23:04:42,Chamber 1,28-031662211eff,22.062,T257,40C,off
11/30/2022 23:05:02,Chamber 1,28-031662211eff,22.0,T257,40C,off
11/30/2022 23:05:22,Chamber 1,28-031662211eff,22.062,T257,40C,off
11/30/2022 23:05:42,Chamber 1,28-031662211eff,22.062,T257,40C,off
11/30/2022 23:06:02,Chamber 1,28-031662211eff,22.062,T257,40C,off
11/30/2022 23:06:22,Chamber 1,28-031662211eff,22.062,T257,40C,off
11/30/2022 23:06:42,Chamber 1,28-031662211eff,22.062,T257,40C,off
11/30/2022 23:07:02,Chamber 1,28-031662211eff,22.062,T257,40C,off
11/30/2022 23:07:22,Chamber 1,28-031662211eff,22.062,T257,40C,off
11/30/2022 23:07:42,Chamber 1,28-031662211eff,22.062,T257,40C,off
11/30/2022 23:08:02,Chamber 1,28-031662211eff,22.062,T257,40C,off
11/30/2022 23:08:22,Chamber 1,28-031662211eff,22.062,T257,40C,off
11/30/2022 23:08:42,Chamber 1,28-031662211eff,22.062,T257,40C,off
11/30/2022 23:09:02,Chamber 1,28-031662211eff,22.062,T257,40C,off
11/30/2022 23:09:22,Chamber 1,28-031662211eff,22.062,T257,40C,off
11/30/2022 23:09:42,Chamber 1,28-031662211eff,22.062,T257,40C,off
11/30/2022 23:10:02,Chamber 1,28-031662211eff,22.062,T257,40C,off
11/30/2022 23:10:22,Chamber 1,28-031662211eff,22.062,T257,40C,off
11/30/2022 23:10:42,Chamber 1,28-031662211eff,22.062,T257,40C,off
11/30/2022 23:11:02,Chamber 1,28-031662211eff,22.062,T257,40C,off
11/30/2022 23:11:22,Chamber 1,28-031662211eff,22.062,T257,40C,off
11/30/2022 23:11:42,Chamber 1,28-031662211eff,22.062,T257,40C,off
11/30/2022 23:12:02,Chamber 1,28-031662211eff,22.062,T257,40C,off
11/30/2022 23:12:22,Chamber 1,28-031662211eff,22.062,T257,40C,off
11/30/2022 23:12:42,Chamber 1,28-031662211eff,22.062,T257,40C,off
11/30/2022 23:13:02,Chamber 1,28-031662211eff,22.062,T257,40C,off
11/30/2022 23:13:22,Chamber 1,28-031662211eff,22.062,T257,40C,off
11/30/2022 23:13:42,Chamber 1,28-031662211eff,22.062,T257,40C,off
11/30/2022 23:14:02,Chamber 1,28-031662211eff,22.062,T257,40C,off
11/30/2022 23:14:22,Chamber 1,28-031662211eff,22.062,T257,40C,off
11/30/2022 23:14:42,Chamber 1,28-031662211eff,22.062,T257,40C,off
11/30/2022 23:15:02,Chamber 1,28-031662211eff,22.062,T257,40C,off
11/30/2022 23:15:22,Chamber 1,28-031662211eff,22.062,T257,40C,off
11/30/2022 23:15:42,Chamber 1,28-031662211eff,22.062,T257,40C,off
11/30/2022 23:16:02,Chamber 1,28-031662211eff,22.062,T257,40C,off
11/30/2022 23:16:22,Chamber 1,28-031662211eff,22.062,T257,40C,off
11/30/2022 23:16:42,Chamber 1,28-031662211eff,22.062,T257,40C,off
11/30/2022 23:17:02,Chamber 1,28-031662211eff,22.062,T257,40C,off
11/30/2022 23:17:22,Chamber 1,28-031662211eff,22.062,T257,40C,off
11/30/2022 23:17:42,Chamber 1,28-031662211eff,22.062,T257,40C,off
11/30/2022 23:18:02,Chamber 1,28-031662211eff,22.062,T257,40C,off
11/30/2022 23:18:22,Chamber 1,28-031662211eff,22.062,T257,40C,off
11/30/2022 23:18:42,Chamber 1,28-031662211eff,22.062,T257,40C,off
11/30/2022 23:19:02,Chamber 1,28-031662211eff,22.062,T257,40C,off
11/30/2022 23:19:22,Chamber 1,28-031662211eff,22.062,T257,40C,off
11/30/2022 23:19:42,Chamber 1,28-031662211eff,22.062,T257,40C,off
11/30/2022 23:20:02,Chamber 1,28-031662211eff,22.062,T257,40C,off
11/30/2022 23:20:22,Chamber 1,28-031662211eff,22.062,T257,40C,off
11/30/2022 23:20:42,Chamber 1,28-031662211eff,22.062,T257,40C,off
11/30/2022 23:21:02,Chamber 1,28-031662211eff,22.062,T257,40C,off
11/30/2022 23:21:22,Chamber 1,28-031662211eff,22.062,T257,40C,off
11/30/2022 23:21:42,Chamber 1,28-031662211eff,22.062,T257,40C,off
11/30/2022 23:22:02,Chamber 1,28-031662211eff,22.062,T257,40C,off
11/30/2022 23:22:22,Chamber 1,28-031662211eff,22.062,T257,40C,off
11/30/2022 23:22:42,Chamber 1,28-031662211eff,22.062,T257,40C,off
11/30/2022 23:23:02,Chamber 1,28-031662211eff,22.062,T257,40C,off
11/30/2022 23:23:22,Chamber 1,28-031662211eff,22.062,T257,40C,off
11/30/2022 23:23:43,Chamber 1,28-031662211eff,22.062,T257,40C,off
11/30/2022 23:24:02,Chamber 1,28-031662211eff,22.062,T257,40C,off
11/30/2022 23:24:22,Chamber 1,28-031662211eff,22.062,T257,40C,off
11/30/2022 23:24:42,Chamber 1,28-031662211eff,22.062,T257,40C,off
11/30/2022 23:25:02,Chamber 1,28-031662211eff,22.062,T257,40C,off
11/30/2022 23:25:22,Chamber 1,28-031662211eff,22.062,T257,40C,off
11/30/2022 23:25:42,Chamber 1,28-031662211eff,22.062,T257,40C,off
11/30/2022 23:26:02,Chamber 1,28-031662211eff,22.062,T257,40C,off
11/30/2022 23:26:22,Chamber 1,28-031662211eff,22.062,T257,40C,off
11/30/2022 23:26:42,Chamber 1,28-031662211eff,22.062,T257,40C,off
11/30/2022 23:27:02,Chamber 1,28-031662211eff,22.062,T257,40C,off
11/30/2022 23:27:22,Chamber 1,28-031662211eff,22.062,T257,40C,off
11/30/2022 23:27:42,Chamber 1,28-031662211eff,22.062,T257,40C,off
11/30/2022 23:28:02,Chamber 1,28-031662211eff,22.062,T257,40C,off
11/30/2022 23:28:22,Chamber 1,28-031662211eff,22.062,T257,40C,off
11/30/2022 23:28:42,Chamber 1,28-031662211eff,22.062,T257,40C,off
11/30/2022 23:29:02,Chamber 1,28-031662211eff,22.062,T257,40C,off
11/30/2022 23:29:22,Chamber 1,28-031662211eff,22.062,T257,40C,off
11/30/2022 23:29:42,Chamber 1,28-031662211eff,22.062,T257,40C,off
11/30/2022 23:30:02,Chamber 1,28-031662211eff,22.062,T257,40C,off
11/30/2022 23:30:22,Chamber 1,28-031662211eff,22.062,T257,40C,off
11/30/2022 23:30:42,Chamber 1,28-031662211eff,22.062,T257,40C,off
11/30/2022 23:31:02,Chamber 1,28-031662211eff,22.062,T257,40C,off
11/30/2022 23:31:22,Chamber 1,28-031662211eff,22.062,T257,40C,off
11/30/2022 23:31:42,Chamber 1,28-031662211eff,22.062,T257,40C,off
11/30/2022 23:32:02,Chamber 1,28-031662211eff,22.062,T257,40C,off
11/30/2022 23:32:22,Chamber 1,28-031662211eff,22.062,T257,40C,off
11/30/2022 23:32:42,Chamber 1,28-031662211eff,22.062,T257,40C,off
11/30/2022 23:33:02,Chamber 1,28-031662211eff,22.062,T257,40C,off
11/30/2022 23:33:22,Chamber 1,28-031662211eff,22.062,T257,40C,off
11/30/2022 23:33:42,Chamber 1,28-031662211eff,22.062,T257,40C,off
11/30/2022 23:34:02,Chamber 1,28-031662211eff,22.062,T257,40C,off
11/30/2022 23:34:22,Chamber 1,28-031662211eff,22.062,T257,40C,off
11/30/2022 23:34:42,Chamber 1,28-031662211eff,22.062,T257,40C,off
11/30/2022 23:35:02,Chamber 1,28-031662211eff,22.062,T257,40C,off
11/30/2022 23:35:22,Chamber 1,28-031662211eff,22.062,T257,40C,off
11/30/2022 23:35:42,Chamber 1,28-031662211eff,22.062,T257,40C,off
11/30/2022 23:36:02,Chamber 1,28-031662211eff,22.062,T257,40C,off
11/30/2022 23:36:22,Chamber 1,28-031662211eff,22.062,T257,40C,off
11/30/2022 23:36:42,Chamber 1,28-031662211eff,22.062,T257,40C,off
11/30/2022 23:37:02,Chamber 1,28-031662211eff,22.062,T257,40C,off
11/30/2022 23:37:22,Chamber 1,28-031662211eff,22.062,T257,40C,off
11/30/2022 23:37:42,Chamber 1,28-031662211eff,22.062,T257,40C,off
11/30/2022 23:38:02,Chamber 1,28-031662211eff,22.062,T257,40C,off
11/30/2022 23:38:23,Chamber 1,28-031662211eff,22.062,T257,40C,off
11/30/2022 23:38:42,Chamber 1,28-031662211eff,22.062,T257,40C,off
11/30/2022 23:39:02,Chamber 1,28-031662211eff,22.062,T257,40C,off
11/30/2022 23:39:22,Chamber 1,28-031662211eff,22.062,T257,40C,off
11/30/2022 23:39:42,Chamber 1,28-031662211eff,22.062,T257,40C,off
11/30/2022 23:40:02,Chamber 1,28-031662211eff,22.062,T257,40C,off
11/30/2022 23:40:22,Chamber 1,28-031662211eff,22.062,T257,40C,off
11/30/2022 23:40:42,Chamber 1,28-031662211eff,22.062,T257,40C,off
11/30/2022 23:41:04,Chamber 1,28-031662211eff,22.062,T257,40C,off
11/30/2022 23:41:22,Chamber 1,28-031662211eff,22.062,T257,40C,off
11/30/2022 23:41:42,Chamber 1,28-031662211eff,22.062,T257,40C,off
11/30/2022 23:42:02,Chamber 1,28-031662211eff,22.062,T257,40C,off
11/30/2022 23:42:22,Chamber 1,28-031662211eff,22.062,T257,40C,off
11/30/2022 23:42:42,Chamber 1,28-031662211eff,22.062,T257,40C,off
11/30/2022 23:43:02,Chamber 1,28-031662211eff,22.062,T257,40C,off
11/30/2022 23:43:22,Chamber 1,28-031662211eff,22.062,T257,40C,off
11/30/2022 23:43:42,Chamber 1,28-031662211eff,22.062,T257,40C,off
11/30/2022 23:44:02,Chamber 1,28-031662211eff,22.062,T257,40C,off
11/30/2022 23:44:22,Chamber 1,28-031662211eff,22.062,T257,40C,off
11/30/2022 23:44:42,Chamber 1,28-031662211eff,22.062,T257,40C,off
11/30/2022 23:45:02,Chamber 1,28-031662211eff,22.062,T257,40C,off
11/30/2022 23:45:22,Chamber 1,28-031662211eff,22.0,T257,40C,off
11/30/2022 23:45:42,Chamber 1,28-031662211eff,22.062,T257,40C,off
11/30/2022 23:46:02,Chamber 1,28-031662211eff,22.0,T257,40C,off
11/30/2022 23:46:22,Chamber 1,28-031662211eff,22.0,T257,40C,off
11/30/2022 23:46:42,Chamber 1,28-031662211eff,22.0,T257,40C,off
11/30/2022 23:47:02,Chamber 1,28-031662211eff,22.0,T257,40C,off
11/30/2022 23:47:22,Chamber 1,28-031662211eff,22.062,T257,40C,off
11/30/2022 23:47:42,Chamber 1,28-031662211eff,22.0,T257,40C,off
11/30/2022 23:48:02,Chamber 1,28-031662211eff,22.0,T257,40C,off
11/30/2022 23:48:22,Chamber 1,28-031662211eff,22.0,T257,40C,off
11/30/2022 23:48:43,Chamber 1,28-031662211eff,22.062,T257,40C,off
11/30/2022 23:49:02,Chamber 1,28-031662211eff,22.062,T257,40C,off
11/30/2022 23:49:22,Chamber 1,28-031662211eff,22.0,T257,40C,off
11/30/2022 23:49:42,Chamber 1,28-031662211eff,22.0,T257,40C,off
11/30/2022 23:50:02,Chamber 1,28-031662211eff,22.0,T257,40C,off
11/30/2022 23:50:22,Chamber 1,28-031662211eff,22.0,T257,40C,off
11/30/2022 23:50:42,Chamber 1,28-031662211eff,22.0,T257,40C,off
11/30/2022 23:51:02,Chamber 1,28-031662211eff,22.0,T257,40C,off
11/30/2022 23:51:22,Chamber 1,28-031662211eff,22.0,T257,40C,off
11/30/2022 23:51:42,Chamber 1,28-031662211eff,22.0,T257,40C,off
11/30/2022 23:52:02,Chamber 1,28-031662211eff,22.0,T257,40C,off
11/30/2022 23:52:22,Chamber 1,28-031662211eff,22.0,T257,40C,off
11/30/2022 23:52:42,Chamber 1,28-031662211eff,22.0,T257,40C,off
11/30/2022 23:53:02,Chamber 1,28-031662211eff,22.0,T257,40C,off
11/30/2022 23:53:22,Chamber 1,28-031662211eff,22.0,T257,40C,off
11/30/2022 23:53:42,Chamber 1,28-031662211eff,22.0,T257,40C,off
11/30/2022 23:54:02,Chamber 1,28-031662211eff,22.0,T257,40C,off
11/30/2022 23:54:22,Chamber 1,28-031662211eff,22.0,T257,40C,off
11/30/2022 23:54:43,Chamber 1,28-031662211eff,22.0,T257,40C,off
11/30/2022 23:55:02,Chamber 1,28-031662211eff,22.0,T257,40C,off
11/30/2022 23:55:22,Chamber 1,28-031662211eff,22.0,T257,40C,off
11/30/2022 23:55:42,Chamber 1,28-031662211eff,22.0,T257,40C,off
11/30/2022 23:56:02,Chamber 1,28-031662211eff,22.0,T257,40C,off
11/30/2022 23:56:22,Chamber 1,28-031662211eff,22.0,T257,40C,off
11/30/2022 23:56:42,Chamber 1,28-031662211eff,22.0,T257,40C,off
11/30/2022 23:57:02,Chamber 1,28-031662211eff,22.0,T257,40C,off
11/30/2022 23:57:22,Chamber 1,28-031662211eff,22.0,T257,40C,off
11/30/2022 23:57:42,Chamber 1,28-031662211eff,22.0,T257,40C,off
11/30/2022 23:58:02,Chamber 1,28-031662211eff,22.0,T257,40C,off
11/30/2022 23:58:22,Chamber 1,28-031662211eff,22.0,T257,40C,off
11/30/2022 23:58:42,Chamber 1,28-031662211eff,22.0,T257,40C,off
11/30/2022 23:59:02,Chamber 1,28-031662211eff,22.0,T257,40C,off
11/30/2022 23:59:22,Chamber 1,28-031662211eff,22.0,T257,40C,off
11/30/2022 23:59:42,Chamber 1,28-031662211eff,22.0,T257,40C,off
